id,name,url,img,price,cat,
2846,"Simone Desk, Taupe",https://www.onekingslane.com//p/4703291-simone-desk-taupe.do?refType=&from=fn&catnav=119617,https://okl.scene7.com/is/image/OKL/Product_LIA10192_Image_1?$kibo_directory_thumbnail$&defaultImage=placeholder_product&defaultImage=placeholder_product,"$3,125.00",Table,
2847,"Brady Desk, Brushed Brass",https://www.onekingslane.com//p/4680237-brady-desk-brushed-brass.do?refType=&from=fn&catnav=119617,https://okl.scene7.com/is/image/OKL/Product_PAN11235_Image_1?$kibo_directory_thumbnail$&defaultImage=placeholder_product&defaultImage=placeholder_product,$569.00,Table,
2848,"Brady Desk, Polished Gold",https://www.onekingslane.com//p/4680238-brady-desk-polished-gold.do?refType=&from=fn&catnav=119617,https://okl.scene7.com/is/image/OKL/Product_PAN11345_Image_1?$kibo_directory_thumbnail$&defaultImage=placeholder_product&defaultImage=placeholder_product,$695.00,Table,
2849,One Fifth Desk,https://www.onekingslane.com//p/b2576784-one-fifth-desk.do?refType=&from=fn&catnav=119617,https://okl2.scene7.com/is/image/OKL/Product_EJV10830_Image_1?$kibo_directory_thumbnail$&defaultImage=placeholder_product&defaultImage=placeholder_product,"$10,070.00",Table,
2850,Portuguese Desk,https://www.onekingslane.com//p/3608706-portuguese-desk.do?refType=&from=fn&catnav=119617,https://okl3.scene7.com/is/image/OKL/Product_NOR11235_Image_1?$kibo_directory_thumbnail$&defaultImage=placeholder_product&defaultImage=placeholder_product,"$2,905.00",Table,
2851,"Workhorse Wooden Desk, Natural",https://www.onekingslane.com//p/3100916-workhorse-wooden-desk-natural.do?refType=&from=fn&catnav=119617,https://okl3.scene7.com/is/image/OKL/Product_BYW10150_Image_1?$kibo_directory_thumbnail$&defaultImage=placeholder_product&defaultImage=placeholder_product,"$5,550.00",Table,
2852,Brentwood Writing Desk,https://www.onekingslane.com//p/3646630-brentwood-writing-desk.do?refType=&from=fn&catnav=119617,https://okl2.scene7.com/is/image/OKL/Product_XXO10455_Image_1?$kibo_directory_thumbnail$&defaultImage=placeholder_product&defaultImage=placeholder_product,"$2,380.50",Table,
2853,"Stott Writing Desk, White",https://www.onekingslane.com//p/4791725-stott-writing-desk-white.do?refType=&from=fn&catnav=119617,https://okl3.scene7.com/is/image/OKL/Product_842279109417_Image_1?$kibo_directory_thumbnail$&defaultImage=placeholder_product&defaultImage=placeholder_product,"$1,295.00",Table,
2854,"Starlight Mirrored Desk, Silver/Gold",https://www.onekingslane.com//p/1942456-starlight-mirrored-desk-silver-gold.do?refType=&from=fn&catnav=119617,https://okl2.scene7.com/is/image/OKL/Product_QLE10058_Image_1?$kibo_directory_thumbnail$&defaultImage=placeholder_product&defaultImage=placeholder_product,"$2,355.00",Table,
2855,Man-of-Letters Leather Writing Table,https://www.onekingslane.com//p/1850964-man-of-letters-leather-writing-table.do?refType=&from=fn&catnav=119617,https://okl.scene7.com/is/image/OKL/Product_QLE10002_Image_1?$kibo_directory_thumbnail$&defaultImage=placeholder_product&defaultImage=placeholder_product,"$4,185.00",Table,
2856,"Montijo Desk, Antiqued Gray",https://www.onekingslane.com//p/4850175-montijo-desk-antiqued-gray.do?refType=&from=fn&catnav=119617,https://okl.scene7.com/is/image/OKL/Product_806810359419_Image_1?$kibo_directory_thumbnail$&defaultImage=placeholder_product&defaultImage=placeholder_product,$795.00,Table,
2857,"Lussan Desk, Hazelnut",https://www.onekingslane.com//p/4847095-lussan-desk-hazelnut.do?refType=&from=fn&catnav=119617,https://okl.scene7.com/is/image/OKL/Product_444725503987_Image_1?$kibo_directory_thumbnail$&defaultImage=placeholder_product&defaultImage=placeholder_product,"$1,295.00",Table,
2858,"Lebrun Desk, Cherry",https://www.onekingslane.com//p/4847115-lebrun-desk-cherry.do?refType=&from=fn&catnav=119617,https://okl.scene7.com/is/image/OKL/Product_444725504182_Image_1?$kibo_directory_thumbnail$&defaultImage=placeholder_product&defaultImage=placeholder_product,"$1,295.00",Table,
2859,"Sarah Writing Desk, After Midnight",https://www.onekingslane.com//p/4811192-sarah-writing-desk-after-midnight.do?refType=&from=fn&catnav=119617,https://okl2.scene7.com/is/image/OKL/Product_444725109776_Image_1?$kibo_directory_thumbnail$&defaultImage=placeholder_product&defaultImage=placeholder_product,"$1,395.00",Table,
2860,"Clifton Writing Desk, Gold/White",https://www.onekingslane.com//p/4703275-clifton-writing-desk-gold-white.do?refType=&from=fn&catnav=119617,https://okl3.scene7.com/is/image/OKL/Product_LIA10177_Image_1?$kibo_directory_thumbnail$&defaultImage=placeholder_product&defaultImage=placeholder_product,"$3,295.00",Table,
2861,"Ann Gish D'Oro Desk, Bronze",https://www.onekingslane.com//p/4671216-ann-gish-d-oro-desk-bronze.do?refType=&from=fn&catnav=119617,https://okl.scene7.com/is/image/OKL/Product_GLV11427_Image_1?$kibo_directory_thumbnail$&defaultImage=placeholder_product&defaultImage=placeholder_product,"$3,250.00",Table,
2862,"Structure Writing Desk, Mocha",https://www.onekingslane.com//p/4606476-structure-writing-desk-mocha.do?refType=&from=fn&catnav=119617,https://okl.scene7.com/is/image/OKL/Product_XXO10698_Image_1?$kibo_directory_thumbnail$&defaultImage=placeholder_product&defaultImage=placeholder_product,"$2,605.50",Table,
2863,"X-Leg Desk, Navy/Gold",https://www.onekingslane.com//p/4413538-x-leg-desk-navy-gold.do?refType=&from=fn&catnav=119617,https://okl.scene7.com/is/image/OKL/Product_PAN11305_Image_1?$kibo_directory_thumbnail$&defaultImage=placeholder_product&defaultImage=placeholder_product,$699.00,Table,
2864,"Camille Desk, Pecan",https://www.onekingslane.com//p/1154329-camille-desk-pecan.do?refType=&from=fn&catnav=119617,https://okl.scene7.com/is/image/OKL/Product_AAM10811_Image_1?$kibo_directory_thumbnail$&defaultImage=placeholder_product&defaultImage=placeholder_product,"$1,695.00",Table,
2865,"Larkspur Desk, Beach/Light Bronze",https://www.onekingslane.com//p/4737297-larkspur-desk-beach-light-bronze.do?refType=&from=fn&catnav=119617,https://okl2.scene7.com/is/image/OKL/Product_BRO10431_Image_1?$kibo_directory_thumbnail$&defaultImage=placeholder_product&defaultImage=placeholder_product,"$2,365.00",Table,
2866,"Cumulus Writing Desk, White/Gold",https://www.onekingslane.com//p/4752043-cumulus-writing-desk-white-gold.do?refType=&from=fn&catnav=119617,https://okl.scene7.com/is/image/OKL/Product_662869408818_Image_1?$kibo_directory_thumbnail$&defaultImage=placeholder_product&defaultImage=placeholder_product,"$2,305.00",Table,
2867,Melrose Writing Desk,https://www.onekingslane.com//p/3646631-melrose-writing-desk.do?refType=&from=fn&catnav=119617,https://okl3.scene7.com/is/image/OKL/Product_XXO10456_Image_1?$kibo_directory_thumbnail$&defaultImage=placeholder_product&defaultImage=placeholder_product,"$2,605.50",Table,
2868,"Ling Writing Desk, Washed Walnut",https://www.onekingslane.com//p/4721319-ling-writing-desk-washed-walnut.do?refType=&from=fn&catnav=119617,https://okl.scene7.com/is/image/OKL/Product_NOR11707_Image_1?$kibo_directory_thumbnail$&defaultImage=placeholder_product&defaultImage=placeholder_product,"$2,205.00",Table,
2869,"Ringo Writing Desk, Grigio Warm Gray",https://www.onekingslane.com//p/4751804-ringo-writing-desk-grigio-warm-gray.do?refType=&from=fn&catnav=119617,https://okl.scene7.com/is/image/OKL/Product_662869404957_Image_1?$kibo_directory_thumbnail$&defaultImage=placeholder_product&defaultImage=placeholder_product,"$1,651.50",Table,
2870,"Cosmopolitan Writing Desk, Natural",https://www.onekingslane.com//p/4804789-cosmopolitan-writing-desk-natural.do?refType=&from=fn&catnav=119617,https://okl2.scene7.com/is/image/OKL/Product_444725040598_Image_1?$kibo_directory_thumbnail$&defaultImage=placeholder_product&defaultImage=placeholder_product,"$1,825.00",Table,
2871,"Stiletto Writing Desk, Black",https://www.onekingslane.com//p/4694103-stiletto-writing-desk-black.do?refType=&from=fn&catnav=119617,https://okl2.scene7.com/is/image/OKL/Product_NOR11635_Image_1?$kibo_directory_thumbnail$&defaultImage=placeholder_product&defaultImage=placeholder_product,"$1,785.00",Table,
2872,"Mercury Desk, White Oak/Gray",https://www.onekingslane.com//p/4751923-mercury-desk-white-oak-gray.do?refType=&from=fn&catnav=119617,https://okl2.scene7.com/is/image/OKL/Product_662869404476_Image_1?$kibo_directory_thumbnail$&defaultImage=placeholder_product&defaultImage=placeholder_product,"$1,561.50",Table,
2873,"Westwood Writing Desk, Wilshire Brown",https://www.onekingslane.com//p/4779156-westwood-writing-desk-wilshire-brown.do?refType=&from=fn&catnav=119617,https://okl2.scene7.com/is/image/OKL/Product_662869412921_Image_1?$kibo_directory_thumbnail$&defaultImage=placeholder_product&defaultImage=placeholder_product,"$1,534.50",Table,
2874,"Crescent Writing Desk, Brown",https://www.onekingslane.com//p/4148308-crescent-writing-desk-brown.do?refType=&from=fn&catnav=119617,https://okl3.scene7.com/is/image/OKL/Product_FLX11806_Image_1?$kibo_directory_thumbnail$&defaultImage=placeholder_product&defaultImage=placeholder_product,$425.00,Table,
2875,"Gold Riley Desk, White",https://www.onekingslane.com//p/4600631-gold-riley-desk-white.do?refType=&from=fn&catnav=119617,https://okl3.scene7.com/is/image/OKL/Product_PAN11328_Image_1?$kibo_directory_thumbnail$&defaultImage=placeholder_product&defaultImage=placeholder_product,$799.00,Table,
2876,"Morgan Desk, Brass/White",https://www.onekingslane.com//p/4854683-morgan-desk-brass-white.do?refType=&from=fn&catnav=119617,https://okl2.scene7.com/is/image/OKL/Product_444725587093_Image_1?$kibo_directory_thumbnail$&defaultImage=placeholder_product&defaultImage=placeholder_product,"$1,875.00",Table,
2877,"Blackbird Desk, Oak/Black",https://www.onekingslane.com//p/4809250-blackbird-desk-oak-black.do?refType=&from=fn&catnav=119617,https://okl3.scene7.com/is/image/OKL/Product_749531854323_Image_1?$kibo_directory_thumbnail$&defaultImage=placeholder_product&defaultImage=placeholder_product,"$1,450.00",Table,
2878,"Orwell Desk, Whitewash",https://www.onekingslane.com//p/4849117-orwell-desk-whitewash.do?refType=&from=fn&catnav=119617,https://okl.scene7.com/is/image/OKL/Product_801542262228_Image_1?$kibo_directory_thumbnail$&defaultImage=placeholder_product&defaultImage=placeholder_product,$795.00,Table,
2879,"Ligna Desk, Oak",https://www.onekingslane.com//p/4796884-ligna-desk-oak.do?refType=&from=fn&catnav=119617,https://okl.scene7.com/is/image/OKL/Product_703610318397_Image_1?$kibo_directory_thumbnail$&defaultImage=placeholder_product&defaultImage=placeholder_product,"$1,395.00 - $2,530.00",Table,
2880,"Whitebird Desk, Oak/Black",https://www.onekingslane.com//p/4809244-whitebird-desk-oak-black.do?refType=&from=fn&catnav=119617,https://okl2.scene7.com/is/image/OKL/Product_749531854262_Image_1?$kibo_directory_thumbnail$&defaultImage=placeholder_product&defaultImage=placeholder_product,"$1,450.00",Table,
2881,"Robyn Curved-Front Desk, Black",https://www.onekingslane.com//p/3395432-robyn-curved-front-desk-black.do?refType=&from=fn&catnav=119617,https://okl.scene7.com/is/image/OKL/Product_NOR11137_Image_1?$kibo_directory_thumbnail$&defaultImage=placeholder_product&defaultImage=placeholder_product,"$1,315.00",Table,
2882,"Stott Writing Desk, Gray",https://www.onekingslane.com//p/4791724-stott-writing-desk-gray.do?refType=&from=fn&catnav=119617,https://okl2.scene7.com/is/image/OKL/Product_842279109400_Image_1?$kibo_directory_thumbnail$&defaultImage=placeholder_product&defaultImage=placeholder_product,"$1,295.00",Table,
2883,"Fusion Writing Desk, Ashen Oak",https://www.onekingslane.com//p/4854408-fusion-writing-desk-ashen-oak.do?refType=&from=fn&catnav=119617,https://okl3.scene7.com/is/image/OKL/Product_662896012217_Image_1?$kibo_directory_thumbnail$&defaultImage=placeholder_product&defaultImage=placeholder_product,"$1,245.00",Table,
2884,"Tahoe Desk, Blue/Silver",https://www.onekingslane.com//p/4828262-tahoe-desk-blue-silver.do?refType=&from=fn&catnav=119617,https://okl.scene7.com/is/image/OKL/Product_807223982577_Image_1?$kibo_directory_thumbnail$&defaultImage=placeholder_product&defaultImage=placeholder_product,"$1,495.00",Table,
2885,"Kering Desk, White",https://www.onekingslane.com//p/4820594-kering-desk-white.do?refType=&from=fn&catnav=119617,https://okl.scene7.com/is/image/OKL/Product_797379046165_Image_1?$kibo_directory_thumbnail$&defaultImage=placeholder_product&defaultImage=placeholder_product,$655.00,Table,
2886,"Kenetic Console, Mocha",https://www.onekingslane.com//p/4606481-kenetic-console-mocha.do?refType=&from=fn&catnav=119617,https://okl.scene7.com/is/image/OKL/Product_XXO10704_Image_1?$kibo_directory_thumbnail$&defaultImage=placeholder_product&defaultImage=placeholder_product,"$1,210.50",Table,
2887,"Sarah Writing Desk, Egyptian Onyx",https://www.onekingslane.com//p/4811191-sarah-writing-desk-egyptian-onyx.do?refType=&from=fn&catnav=119617,https://okl.scene7.com/is/image/OKL/Product_444725109769_Image_1?$kibo_directory_thumbnail$&defaultImage=placeholder_product&defaultImage=placeholder_product,"$1,395.00",Table,
2888,"Playlist Desk, Java Gray",https://www.onekingslane.com//p/4350677-playlist-desk-java-gray.do?refType=&from=fn&catnav=119617,https://okl2.scene7.com/is/image/OKL/Product_NMF10549_Image_1?$kibo_directory_thumbnail$&defaultImage=placeholder_product&defaultImage=placeholder_product,$995.00,Table,
2889,"Mercer Writing Desk, White",https://www.onekingslane.com//p/4763543-mercer-writing-desk-white.do?refType=&from=fn&catnav=119617,https://okl2.scene7.com/is/image/OKL/Product_797379035718_Image_1?$kibo_directory_thumbnail$&defaultImage=placeholder_product&defaultImage=placeholder_product,$735.00,Table,
2890,"Frank Desk, Espresso",https://www.onekingslane.com//p/946455-frank-desk-espresso.do?refType=&from=fn&catnav=119617,https://okl.scene7.com/is/image/OKL/Product_PAN10477_Image_1?$kibo_directory_thumbnail$&defaultImage=placeholder_product&defaultImage=placeholder_product,$595.00,Table,
2891,"Lillian Writing Desk, White",https://www.onekingslane.com//p/857039-lillian-writing-desk-white.do?refType=&from=fn&catnav=119617,https://okl.scene7.com/is/image/OKL/Product_SVF24980_Image_1?$kibo_directory_thumbnail$&defaultImage=placeholder_product&defaultImage=placeholder_product,$325.00,Table,
2892,"Lillian Writing Desk, Moon Gray",https://www.onekingslane.com//p/1007066-lillian-writing-desk-moon-gray.do?refType=&from=fn&catnav=119617,https://okl.scene7.com/is/image/OKL/Product_SVF28181_Image_1?$kibo_directory_thumbnail$&defaultImage=placeholder_product&defaultImage=placeholder_product,$325.00,Table,
2893,"Helen Tray Table, Gold",https://www.onekingslane.com//p/4783451-helen-tray-table-gold.do?refType=&from=fn&catnav=119617,https://okl3.scene7.com/is/image/OKL/Product_444724770571_Image_1?$kibo_directory_thumbnail$&defaultImage=placeholder_product&defaultImage=placeholder_product,$245.00,Table,
2894,"Dalton Desk, Nutmeg",https://www.onekingslane.com//p/4693151-dalton-desk-nutmeg.do?refType=&from=fn&catnav=119617,https://okl.scene7.com/is/image/OKL/Product_BRO10422_Image_1?$kibo_directory_thumbnail$&defaultImage=placeholder_product&defaultImage=placeholder_product,"$2,875.00",Table,
2895,"Crawford Desk, Sepia",https://www.onekingslane.com//p/4298497-crawford-desk-sepia.do?refType=&from=fn&catnav=119617,https://okl3.scene7.com/is/image/OKL/Product_BRO10207_Image_1?$kibo_directory_thumbnail$&defaultImage=placeholder_product&defaultImage=placeholder_product,"$1,815.00",Table,
2896,"Harborview Leather-Top Desk, Chocolate",https://www.onekingslane.com//p/1850961-harborview-leather-top-desk-chocolate.do?refType=&from=fn&catnav=119617,https://okl.scene7.com/is/image/OKL/Product_XXO10341_Image_1?$kibo_directory_thumbnail$&defaultImage=placeholder_product&defaultImage=placeholder_product,"$1,570.50",Table,
2897,"Blaine Tiered Desk, Natural",https://www.onekingslane.com//p/4524428-blaine-tiered-desk-natural.do?refType=&from=fn&catnav=119617,https://okl.scene7.com/is/image/OKL/Product_BRO10373_Image_1?$kibo_directory_thumbnail$&defaultImage=placeholder_product&defaultImage=placeholder_product,"$1,264.99",Table,
2898,"Liza Writing Desk, Black/White",https://www.onekingslane.com//p/4703281-liza-writing-desk-black-white.do?refType=&from=fn&catnav=119617,https://okl.scene7.com/is/image/OKL/Product_LIA10183_Image_1?$kibo_directory_thumbnail$&defaultImage=placeholder_product&defaultImage=placeholder_product,"$4,595.00",Table,
2899,"Ann Gish Argento Desk, Pewter",https://www.onekingslane.com//p/4671218-ann-gish-argento-desk-pewter.do?refType=&from=fn&catnav=119617,https://okl2.scene7.com/is/image/OKL/Product_GLV11429_Image_1?$kibo_directory_thumbnail$&defaultImage=placeholder_product&defaultImage=placeholder_product,"$3,250.00",Table,
2900,"Crushed Bamboo 1-Drawer Desk, Navy",https://www.onekingslane.com//p/4673728-crushed-bamboo-1-drawer-desk-navy.do?refType=&from=fn&catnav=119617,https://okl3.scene7.com/is/image/OKL/Product_DAV11141_Image_1?$kibo_directory_thumbnail$&defaultImage=placeholder_product&defaultImage=placeholder_product,"$1,795.00",Table,
2901,Tubular Steel Bauhaus Desk,https://www.onekingslane.com//p/b2576650-tubular-steel-bauhaus-desk.do?refType=&from=fn&catnav=119617,https://okl.scene7.com/is/image/OKL/Product_EJV10805_Image_1?$kibo_directory_thumbnail$&defaultImage=placeholder_product&defaultImage=placeholder_product,"$7,275.00",Table,
2902,"Courtney Desk, Mahogany/Ebony",https://www.onekingslane.com//p/4842658-courtney-desk-mahogany-ebony.do?refType=&from=fn&catnav=119617,https://okl3.scene7.com/is/image/OKL/Product_444725454760_Image_1?$kibo_directory_thumbnail$&defaultImage=placeholder_product&defaultImage=placeholder_product,"$5,995.00",Table,
2903,"Milo Writing Desk, Graywash",https://www.onekingslane.com//p/4795199-milo-writing-desk-graywash.do?refType=&from=fn&catnav=119617,https://okl3.scene7.com/is/image/OKL/Product_818484021028_Image_1?$kibo_directory_thumbnail$&defaultImage=placeholder_product&defaultImage=placeholder_product,"$5,245.00",Table,
2904,"Mason Desk, White Oak",https://www.onekingslane.com//p/4781045-mason-desk-white-oak.do?refType=&from=fn&catnav=119617,https://okl.scene7.com/is/image/OKL/Product_680175973509_Image_1?$kibo_directory_thumbnail$&defaultImage=placeholder_product&defaultImage=placeholder_product,"$3,695.00",Table,
2905,"Mason Work Table, White Oak",https://www.onekingslane.com//p/4781044-mason-work-table-white-oak.do?refType=&from=fn&catnav=119617,https://okl3.scene7.com/is/image/OKL/Product_680175973516_Image_1?$kibo_directory_thumbnail$&defaultImage=placeholder_product&defaultImage=placeholder_product,"$4,495.00",Table,
2906,"Cosmopolitan Writing Desk, Java",https://www.onekingslane.com//p/4804788-cosmopolitan-writing-desk-java.do?refType=&from=fn&catnav=119617,https://okl.scene7.com/is/image/OKL/Product_444725040581_Image_1?$kibo_directory_thumbnail$&defaultImage=placeholder_product&defaultImage=placeholder_product,"$1,825.00",Table,
2907,"Union Writing Desk, Brown",https://www.onekingslane.com//p/4821961-union-writing-desk-brown.do?refType=&from=fn&catnav=119617,https://okl3.scene7.com/is/image/OKL/Product_444725233556_Image_1?$kibo_directory_thumbnail$&defaultImage=placeholder_product&defaultImage=placeholder_product,"$3,535.00",Table,
2908,"Martha Desk, Honey Rattan",https://www.onekingslane.com//p/4867836-martha-desk-honey-rattan.do?refType=&from=fn&catnav=119617,https://okl.scene7.com/is/image/OKL/Product_801542510312_Image_1?$kibo_directory_thumbnail$&defaultImage=placeholder_product&defaultImage=placeholder_product,"$1,080.00",Table,
2909,"Finley Desk, Rosewood/Sycamore Veneer",https://www.onekingslane.com//p/4870280-finley-desk-rosewood-sycamore-veneer.do?refType=&from=fn&catnav=119617,https://okl.scene7.com/is/image/OKL/Product_444725782184_Image_1?$kibo_directory_thumbnail$&defaultImage=placeholder_product&defaultImage=placeholder_product,"$4,900.00",Table,
2910,"Palladian Desk, Mahogany",https://www.onekingslane.com//p/4870284-palladian-desk-mahogany.do?refType=&from=fn&catnav=119617,https://okl3.scene7.com/is/image/OKL/Product_444725782221_Image_1?$kibo_directory_thumbnail$&defaultImage=placeholder_product&defaultImage=placeholder_product,"$5,300.00",Table,
2911,"Dublin Desk, Beige",https://www.onekingslane.com//p/4878422-dublin-desk-beige.do?refType=&from=fn&catnav=119617,https://okl.scene7.com/is/image/OKL/Product_796505457974_Image_1?$kibo_directory_thumbnail$&defaultImage=placeholder_product&defaultImage=placeholder_product,"$5,720.00",Table,
2912,"Ringo Writing Desk, Marrone Brown",https://www.onekingslane.com//p/4751805-ringo-writing-desk-marrone-brown.do?refType=&from=fn&catnav=119617,https://okl.scene7.com/is/image/OKL/Product_662869405367_Image_1?$kibo_directory_thumbnail$&defaultImage=placeholder_product&defaultImage=placeholder_product,"$1,651.50",Table,
2913,"Kendelston Writing Desk, Natural",https://www.onekingslane.com//p/4839624-kendelston-writing-desk-natural.do?refType=&from=fn&catnav=119617,https://okl2.scene7.com/is/image/OKL/Product_662869450053_Image_1?$kibo_directory_thumbnail$&defaultImage=placeholder_product&defaultImage=placeholder_product,"$2,115.50",Table,
2914,"Ringo Writing Desk, Bianco White",https://www.onekingslane.com//p/4751803-ringo-writing-desk-bianco-white.do?refType=&from=fn&catnav=119617,https://okl3.scene7.com/is/image/OKL/Product_662869404384_Image_1?$kibo_directory_thumbnail$&defaultImage=placeholder_product&defaultImage=placeholder_product,"$1,651.50",Table,
2915,Antique Chinese Fretwork Desk,https://www.onekingslane.com//p/4318982-antique-chinese-fretwork-desk.do?refType=&from=fn&catnav=119617,https://okl2.scene7.com/is/image/OKL/vmf_vendor_BJT_4318982_1445536728569_294662?$kibo_directory_thumbnail$&defaultImage=placeholder_product&defaultImage=placeholder_product,"$2,799.00",Table,
2916,Antique Chinese Hand-Carved Red Desk,https://www.onekingslane.com//p/4594111-antique-chinese-hand-carved-red-desk.do?refType=&from=fn&catnav=119617,https://okl2.scene7.com/is/image/OKL/vmf_vendor_BJT_4594111_1475340129675_685937?$kibo_directory_thumbnail$&defaultImage=placeholder_product&defaultImage=placeholder_product,"$1,879.00",Table,
2917,Link Taylor White Lacquered Desk,https://www.onekingslane.com//p/4655501-link-taylor-white-lacquered-desk.do?refType=&from=fn&catnav=119617,https://okl.scene7.com/is/image/OKL/vmf_vendor_RWF_4655501_1486974832002_945740?$kibo_directory_thumbnail$&defaultImage=placeholder_product&defaultImage=placeholder_product,"$2,645.00",Table,
2918,1960s Desk & Chair,https://www.onekingslane.com//p/4638647-1960s-desk-chair.do?refType=&from=fn&catnav=119617,https://okl.scene7.com/is/image/OKL/vmf_vendor_QRG_4638647_1484056735391_267970?$kibo_directory_thumbnail$&defaultImage=placeholder_product&defaultImage=placeholder_product,"$1,399.00",Table,
2919,Antique Carved Wood & Leather Desk,https://www.onekingslane.com//p/4538863-antique-carved-wood-leather-desk.do?refType=&from=fn&catnav=119617,https://okl.scene7.com/is/image/OKL/vmf_vendor_VML_4538863_1466628116482_696996?$kibo_directory_thumbnail$&defaultImage=placeholder_product&defaultImage=placeholder_product,"$3,599.00",Table,
2920,19th-C. English Carved Drop-Front Desk,https://www.onekingslane.com//p/4605808-19th-c-english-carved-drop-front-desk.do?refType=&from=fn&catnav=119617,https://okl3.scene7.com/is/image/OKL/vmf_vendor_TAF_4605808_1477473218439_956884?$kibo_directory_thumbnail$&defaultImage=placeholder_product&defaultImage=placeholder_product,"$2,475.00",Table,
2921,Paul McCobb Planner Modern Desk,https://www.onekingslane.com//p/4669686-paul-mccobb-planner-modern-desk.do?refType=&from=fn&catnav=119617,https://okl.scene7.com/is/image/OKL/vmf_vendor_FXO_4669686_1490748653542_368408?$kibo_directory_thumbnail$&defaultImage=placeholder_product&defaultImage=placeholder_product,"$1,695.00",Table,
2922,19th-C. French Secretary Desk,https://www.onekingslane.com//p/4707142-19th-c-french-secretary-desk.do?refType=&from=fn&catnav=119617,https://okl.scene7.com/is/image/OKL/vmf_vendor_WQF_4707142_1504379601772_854447?$kibo_directory_thumbnail$&defaultImage=placeholder_product&defaultImage=placeholder_product,"$3,495.00",Table,
2923,19th-C. English Schoolboy Desk,https://www.onekingslane.com//p/4647101-19th-c-english-schoolboy-desk.do?refType=&from=fn&catnav=119617,https://okl2.scene7.com/is/image/OKL/vmf_vendor_FRA_4647101_1485306673127_111338?$kibo_directory_thumbnail$&defaultImage=placeholder_product&defaultImage=placeholder_product,"$1,355.00",Table,
2924,19th-C. English Mahogany Partners Desk,https://www.onekingslane.com//p/4707243-19th-c-english-mahogany-partners-desk.do?refType=&from=fn&catnav=119617,https://okl.scene7.com/is/image/OKL/vmf_vendor_OVD_4707243_1504452137204_709333?$kibo_directory_thumbnail$&defaultImage=placeholder_product&defaultImage=placeholder_product,"$3,195.00",Table,
2925,Antique Bamboo Secretary,https://www.onekingslane.com//p/4656556-antique-bamboo-secretary.do?refType=&from=fn&catnav=119617,https://okl2.scene7.com/is/image/OKL/vmf_vendor_VML_4656556_1487280792256_26933?$kibo_directory_thumbnail$&defaultImage=placeholder_product&defaultImage=placeholder_product,"$1,495.00",Table,
2926,Maitland Smith Shabby Chic Secretary,https://www.onekingslane.com//p/4851875-maitland-smith-shabby-chic-secretary.do?refType=&from=fn&catnav=119617,https://okl2.scene7.com/is/image/OKL/vmf_vendor_QRG_4851875_1566502596489_478787?$kibo_directory_thumbnail$&defaultImage=placeholder_product&defaultImage=placeholder_product,"$4,275.00",Table,
2927,Roll-Top Danish Modern Secretary Desk,https://www.onekingslane.com//p/4761129-roll-top-danish-modern-secretary-desk.do?refType=&from=fn&catnav=119617,https://okl.scene7.com/is/image/OKL/vmf_vendor_XVL_4761129_1522558416956_464415?$kibo_directory_thumbnail$&defaultImage=placeholder_product&defaultImage=placeholder_product,"$1,499.00",Table,
2928,19th-C. English Inlaid Slant Desk,https://www.onekingslane.com//p/4836433-19th-c-english-inlaid-slant-desk.do?refType=&from=fn&catnav=119617,https://okl2.scene7.com/is/image/OKL/vmf_vendor_TAF_4836433_1554204777153_835365?$kibo_directory_thumbnail$&defaultImage=placeholder_product&defaultImage=placeholder_product,"$1,275.00",Table,
2929,19th-C. English Pedestal Desk,https://www.onekingslane.com//p/4838341-19th-c-english-pedestal-desk.do?refType=&from=fn&catnav=119617,https://okl3.scene7.com/is/image/OKL/vmf_vendor_TAF_4838341_1555122131369_685614?$kibo_directory_thumbnail$&defaultImage=placeholder_product&defaultImage=placeholder_product,"$2,275.00",Table,
2930,Ming-Style Writing Desk,https://www.onekingslane.com//p/4808227-ming-style-writing-desk.do?refType=&from=fn&catnav=119617,https://okl.scene7.com/is/image/OKL/vmf_vendor_KWY_4808227_1539028442694_624428?$kibo_directory_thumbnail$&defaultImage=placeholder_product&defaultImage=placeholder_product,"$3,845.00",Table,
2931,Painted Ladies/Vanity Desk & Chair,https://www.onekingslane.com//p/4789458-painted-ladies-vanity-desk-chair.do?refType=&from=fn&catnav=119617,https://okl2.scene7.com/is/image/OKL/vmf_vendor_ARU_4789458_1538174636772_85061?$kibo_directory_thumbnail$&defaultImage=placeholder_product&defaultImage=placeholder_product,$999.00,Table,
2932,"French Provincial Desk & Chairs, S/3",https://www.onekingslane.com//p/4817176-french-provincial-desk-chairs-s-3.do?refType=&from=fn&catnav=119617,https://okl2.scene7.com/is/image/OKL/vmf_vendor_PIG_4817176_1543213676760_269778?$kibo_directory_thumbnail$&defaultImage=placeholder_product&defaultImage=placeholder_product,$995.00,Table,
2933,1940s Biedermeier Style Secretary,https://www.onekingslane.com//p/4796445-1940s-biedermeier-style-secretary.do?refType=&from=fn&catnav=119617,https://okl.scene7.com/is/image/OKL/vmf_vendor_FXO_4796445_1535500701902_407126?$kibo_directory_thumbnail$&defaultImage=placeholder_product&defaultImage=placeholder_product,"$2,495.00",Table,
2934,19th-C. Carved Desk with Leather Top,https://www.onekingslane.com//p/4868355-19th-c-carved-desk-with-leather-top.do?refType=&from=fn&catnav=119617,https://okl.scene7.com/is/image/OKL/vmf_vendor_ILG_4868355_1579706561939_81212?$kibo_directory_thumbnail$&defaultImage=placeholder_product&defaultImage=placeholder_product,"$3,175.00",Table,
2935,French Empire Mahogany Secretary,https://www.onekingslane.com//p/4857794-french-empire-mahogany-secretary.do?refType=&from=fn&catnav=119617,https://okl.scene7.com/is/image/OKL/vmf_vendor_INW_4857794_1570574733024_244512?$kibo_directory_thumbnail$&defaultImage=placeholder_product&defaultImage=placeholder_product,"$2,795.00",Table,
2936,19th-C. French Louis XIII-Style Desk,https://www.onekingslane.com//p/4842234-19th-c-french-louis-xiii-style-desk.do?refType=&from=fn&catnav=119617,https://okl.scene7.com/is/image/OKL/vmf_vendor_VNB_4842234_1558183066980_174485?$kibo_directory_thumbnail$&defaultImage=placeholder_product&defaultImage=placeholder_product,"$32,999.00",Table,
2937,Antique French Ferdinand Marcos Desk,https://www.onekingslane.com//p/4743770-antique-french-ferdinand-marcos-desk.do?refType=&from=fn&catnav=119617,https://okl.scene7.com/is/image/OKL/vmf_vendor_QHD_4743770_1517117424618_541788?$kibo_directory_thumbnail$&defaultImage=placeholder_product&defaultImage=placeholder_product,"$19,595.00",Table,
2938,Antique Bamboo & Cane Writing Desk,https://www.onekingslane.com//p/4829294-antique-bamboo-cane-writing-desk.do?refType=&from=fn&catnav=119617,https://okl.scene7.com/is/image/OKL/vmf_vendor_VML_4829294_1549695060414_30980?$kibo_directory_thumbnail$&defaultImage=placeholder_product&defaultImage=placeholder_product,"$1,675.00",Table,
2939,19th-C. French Walnut Writing Table,https://www.onekingslane.com//p/4821631-19th-c-french-walnut-writing-table.do?refType=&from=fn&catnav=119617,https://okl.scene7.com/is/image/OKL/vmf_vendor_ILG_4821631_1546026062435_894620?$kibo_directory_thumbnail$&defaultImage=placeholder_product&defaultImage=placeholder_product,"$2,745.00",Table,
2940,19th-C. French Library Table,https://www.onekingslane.com//p/4827000-19th-c-french-library-table.do?refType=&from=fn&catnav=119617,https://okl.scene7.com/is/image/OKL/vmf_vendor_ILG_4827000_1548785921703_394934?$kibo_directory_thumbnail$&defaultImage=placeholder_product&defaultImage=placeholder_product,"$2,875.00",Table,
2941,Gilded Florentine Desk / Vanity,https://www.onekingslane.com//p/4767362-gilded-florentine-desk-vanity.do?refType=&from=fn&catnav=119617,https://okl.scene7.com/is/image/OKL/vmf_vendor_FXO_4767362_1525141418832_270086?$kibo_directory_thumbnail$&defaultImage=placeholder_product&defaultImage=placeholder_product,"$1,295.00",Table,
2942,19th-C. English Architects Table/Desk,https://www.onekingslane.com//p/4736840-19th-c-english-architects-table-desk.do?refType=&from=fn&catnav=119617,https://okl.scene7.com/is/image/OKL/vmf_vendor_TAF_4736840_1514400311427_411862?$kibo_directory_thumbnail$&defaultImage=placeholder_product&defaultImage=placeholder_product,"$4,575.00",Table,
2943,"French Louis XVI-Style Desk, 1900s",https://www.onekingslane.com//p/4755142-french-louis-xvi-style-desk-1900s.do?refType=&from=fn&catnav=119617,https://okl.scene7.com/is/image/OKL/vmf_vendor_LHN_4755142_1521668729796_965741?$kibo_directory_thumbnail$&defaultImage=placeholder_product&defaultImage=placeholder_product,"$3,095.00",Table,
2944,Chinese Lacquered Wood Makeup Desk,https://www.onekingslane.com//p/4738637-chinese-lacquered-wood-makeup-desk.do?refType=&from=fn&catnav=119617,https://okl2.scene7.com/is/image/OKL/vmf_vendor_BJT_4738637_1515347432110_213696?$kibo_directory_thumbnail$&defaultImage=placeholder_product&defaultImage=placeholder_product,"$1,995.00",Table,
2945,18th-C. Chinoiserie Lowboy,https://www.onekingslane.com//p/4765844-18th-c-chinoiserie-lowboy.do?page=2&refType=&from=fn&catnav=119617,https://okl.scene7.com/is/image/OKL/vmf_vendor_VML_4765844_1524611633922_19353?$kibo_directory_thumbnail$&defaultImage=placeholder_product&defaultImage=placeholder_product,"$2,995.00",Table,
2946,Traditional Mahogany Desk,https://www.onekingslane.com//p/4870345-traditional-mahogany-desk.do?page=2&refType=&from=fn&catnav=119617,https://okl.scene7.com/is/image/OKL/vmf_vendor_RWF_4870345_1581262279320_816812?$kibo_directory_thumbnail$&defaultImage=placeholder_product&defaultImage=placeholder_product,$975.00,Table,
2947,1960's Danish Teak Wood Roll Top Desk,https://www.onekingslane.com//p/4737723-1960-s-danish-teak-wood-roll-top-desk.do?page=2&refType=&from=fn&catnav=119617,https://okl3.scene7.com/is/image/OKL/vmf_vendor_XWC_4737723_1520886025443_397145?$kibo_directory_thumbnail$&defaultImage=placeholder_product&defaultImage=placeholder_product,"$1,099.00",Table,
2948,1970s Jacobian Writing Table,https://www.onekingslane.com//p/4872745-1970s-jacobian-writing-table.do?page=2&refType=&from=fn&catnav=119617,https://okl2.scene7.com/is/image/OKL/vmf_vendor_XWC_4872745_1584573276698_459494?$kibo_directory_thumbnail$&defaultImage=placeholder_product&defaultImage=placeholder_product,$924.00,Table,
2949,Mid-Century Two Tone Kneehole Desk,https://www.onekingslane.com//p/4741120-mid-century-two-tone-kneehole-desk.do?page=2&refType=&from=fn&catnav=119617,https://okl.scene7.com/is/image/OKL/vmf_vendor_XWC_4741120_1516222047156_472708?$kibo_directory_thumbnail$&defaultImage=placeholder_product&defaultImage=placeholder_product,"$3,829.00",Table,
2950,"Kos Raffia Console, Navy",https://www.onekingslane.com//p/4816301-kos-raffia-console-navy.do?refType=&from=fn&catnav=119610,https://okl2.scene7.com/is/image/OKL/Product_797379045663_Image_1?$kibo_directory_thumbnail$&defaultImage=placeholder_product&defaultImage=placeholder_product,$695.00,Table,
2951,"Livingston Demilune Console, Umber",https://www.onekingslane.com//p/4781403-livingston-demilune-console-umber.do?refType=&from=fn&catnav=119610,https://okl2.scene7.com/is/image/OKL/Product_444724745975_Image_1?$kibo_directory_thumbnail$&defaultImage=placeholder_product&defaultImage=placeholder_product,$695.00,Table,
2952,"Montclus Console, Olive Ash Burl",https://www.onekingslane.com//p/4847097-montclus-console-olive-ash-burl.do?refType=&from=fn&catnav=119610,https://okl3.scene7.com/is/image/OKL/Product_444725504007_Image_1?$kibo_directory_thumbnail$&defaultImage=placeholder_product&defaultImage=placeholder_product,"$1,295.00",Table,
2953,"Sarah Console, Natural",https://www.onekingslane.com//p/939849-sarah-console-natural.do?refType=&from=fn&catnav=119610,https://okl.scene7.com/is/image/OKL/Product_AAM10397_Image_1?$kibo_directory_thumbnail$&defaultImage=placeholder_product&defaultImage=placeholder_product,"$1,045.00",Table,
2954,"Willis Console, Natural Gray",https://www.onekingslane.com//p/4791706-willis-console-natural-gray.do?refType=&from=fn&catnav=119610,https://okl2.scene7.com/is/image/OKL/Product_842279108717_Image_1?$kibo_directory_thumbnail$&defaultImage=placeholder_product&defaultImage=placeholder_product,"$1,895.00",Table,
2955,"Eden Skirted Console, Teal/Mist",https://www.onekingslane.com//p/4582163-eden-skirted-console-teal-mist.do?refType=&from=fn&catnav=119610,https://okl.scene7.com/is/image/OKL/Product_VXY10033_Image_1?$kibo_directory_thumbnail$&defaultImage=placeholder_product&defaultImage=placeholder_product,"$1,195.00",Table,
2956,"Lily Demilune, Antiqued White",https://www.onekingslane.com//p/4839929-lily-demilune-antiqued-white.do?refType=&from=fn&catnav=119610,https://okl.scene7.com/is/image/OKL/Product_815577021439_Image_1?$kibo_directory_thumbnail$&defaultImage=placeholder_product&defaultImage=placeholder_product,"$1,154.99",Table,
2957,"Abigail Demilune Console, Black",https://www.onekingslane.com//p/1356107-abigail-demilune-console-black.do?refType=&from=fn&catnav=119610,https://okl2.scene7.com/is/image/OKL/Product_FLX10822_Image_1?$kibo_directory_thumbnail$&defaultImage=placeholder_product&defaultImage=placeholder_product,$395.00,Table,
2958,"Sarah Console, Pecan",https://www.onekingslane.com//p/939848-sarah-console-pecan.do?refType=&from=fn&catnav=119610,https://okl.scene7.com/is/image/OKL/Product_AAM10396_Image_1?$kibo_directory_thumbnail$&defaultImage=placeholder_product&defaultImage=placeholder_product,$995.00,Table,
2959,"Ambrose Console, Lichen Green",https://www.onekingslane.com//p/4842663-ambrose-console-lichen-green.do?refType=&from=fn&catnav=119610,https://okl3.scene7.com/is/image/OKL/Product_444725454814_Image_1?$kibo_directory_thumbnail$&defaultImage=placeholder_product&defaultImage=placeholder_product,"$5,500.00",Table,
2960,"Precept Raffia Console, Light Gray",https://www.onekingslane.com//p/4752065-precept-raffia-console-light-gray.do?refType=&from=fn&catnav=119610,https://okl.scene7.com/is/image/OKL/Product_662869408375_Image_1?$kibo_directory_thumbnail$&defaultImage=placeholder_product&defaultImage=placeholder_product,"$2,305.00",Table,
2961,"Luberon 54"" Tiered Console, Brown",https://www.onekingslane.com//p/3118173-luberon-54-tiered-console-brown.do?refType=&from=fn&catnav=119610,https://okl2.scene7.com/is/image/OKL/Product_QLE10256_Image_1?$kibo_directory_thumbnail$&defaultImage=placeholder_product&defaultImage=placeholder_product,"$2,225.00",Table,
2962,"Ruxin Console, Gray",https://www.onekingslane.com//p/4672070-ruxin-console-gray.do?refType=&from=fn&catnav=119610,https://okl2.scene7.com/is/image/OKL/Product_VNG10595_Image_1?$kibo_directory_thumbnail$&defaultImage=placeholder_product&defaultImage=placeholder_product,"$2,195.00",Table,
2963,"Neher Demilune Console, Cherry",https://www.onekingslane.com//p/1249581-neher-demilune-console-cherry.do?refType=&from=fn&catnav=119610,https://okl2.scene7.com/is/image/OKL/Product_FLX10721_Image_1?$kibo_directory_thumbnail$&defaultImage=placeholder_product&defaultImage=placeholder_product,$425.00,Table,
2964,"Abigail Demilune Console, Natural",https://www.onekingslane.com//p/2674697-abigail-demilune-console-natural.do?refType=&from=fn&catnav=119610,https://okl2.scene7.com/is/image/OKL/Product_FLX11307_Image_1?$kibo_directory_thumbnail$&defaultImage=placeholder_product&defaultImage=placeholder_product,$395.00,Table,
2965,Kang Console,https://www.onekingslane.com//p/3450560-kang-console.do?refType=&from=fn&catnav=119610,https://okl3.scene7.com/is/image/OKL/Product_MMH10071_Image_1?$kibo_directory_thumbnail$&defaultImage=placeholder_product&defaultImage=placeholder_product,"$3,595.00",Table,
2966,"Morgan Console, Gold",https://www.onekingslane.com//p/2804763-morgan-console-gold.do?refType=&from=fn&catnav=119610,https://okl.scene7.com/is/image/OKL/Product_683726303978_Image_1?$kibo_directory_thumbnail$&defaultImage=placeholder_product&defaultImage=placeholder_product,$475.00,Table,
2967,"Stafford Media Console, Echo Oak",https://www.onekingslane.com//p/4778727-stafford-media-console-echo-oak.do?refType=&from=fn&catnav=119610,https://okl3.scene7.com/is/image/OKL/Product_444724712762_Image_1?$kibo_directory_thumbnail$&defaultImage=placeholder_product&defaultImage=placeholder_product,"$3,485.00",Table,
2968,"Bixby Console, Blue Spot",https://www.onekingslane.com//p/4703666-bixby-console-blue-spot.do?refType=&from=fn&catnav=119610,https://okl.scene7.com/is/image/OKL/Product_818528029225_Image_1?$kibo_directory_thumbnail$&defaultImage=placeholder_product&defaultImage=placeholder_product,$795.00 - $995.00,Table,
2969,"Vale Marble-Top Demilune, Burnished Gold",https://www.onekingslane.com//p/4525468-vale-marble-top-demilune-burnished-gold.do?refType=&from=fn&catnav=119610,https://okl.scene7.com/is/image/OKL/Product_IOC10003_Image_1?$kibo_directory_thumbnail$&defaultImage=placeholder_product&defaultImage=placeholder_product,$895.00,Table,
2970,"Stellar 82"" Console, Natural Gray",https://www.onekingslane.com//p/4328189-stellar-82-console-natural-gray.do?refType=&from=fn&catnav=119610,https://okl3.scene7.com/is/image/OKL/Product_XGH10118_Image_1?$kibo_directory_thumbnail$&defaultImage=placeholder_product&defaultImage=placeholder_product,"$3,325.00",Table,
2971,"Milo Console, Natural",https://www.onekingslane.com//p/4835833-milo-console-natural.do?refType=&from=fn&catnav=119610,https://okl2.scene7.com/is/image/OKL/Product_680599322679_Image_1?$kibo_directory_thumbnail$&defaultImage=placeholder_product&defaultImage=placeholder_product,"$1,675.00",Table,
2972,"Metz Console, Burl Oak",https://www.onekingslane.com//p/4847096-metz-console-burl-oak.do?refType=&from=fn&catnav=119610,https://okl2.scene7.com/is/image/OKL/Product_444725503994_Image_1?$kibo_directory_thumbnail$&defaultImage=placeholder_product&defaultImage=placeholder_product,"$1,495.00",Table,
2973,"Eddard Console, Weathered Sand",https://www.onekingslane.com//p/1270758-eddard-console-weathered-sand.do?refType=&from=fn&catnav=119610,https://okl.scene7.com/is/image/OKL/Product_AAM11268_Image_1?$kibo_directory_thumbnail$&defaultImage=placeholder_product&defaultImage=placeholder_product,$945.00,Table,
2974,"Violet Console, Whitewash",https://www.onekingslane.com//p/1420107-violet-console-whitewash.do?refType=&from=fn&catnav=119610,https://okl.scene7.com/is/image/OKL/Product_FLX10889_Image_1?$kibo_directory_thumbnail$&defaultImage=placeholder_product&defaultImage=placeholder_product,$745.00,Table,
2975,"Figari 56"" Demilune Console, Mahogany",https://www.onekingslane.com//p/4627180-figari-56-demilune-console-mahogany.do?refType=&from=fn&catnav=119610,https://okl3.scene7.com/is/image/OKL/Product_HYC10246_Image_1?$kibo_directory_thumbnail$&defaultImage=placeholder_product&defaultImage=placeholder_product,"$1,045.00",Table,
2976,"Cline Console, Natural",https://www.onekingslane.com//p/4752873-cline-console-natural.do?refType=&from=fn&catnav=119610,https://okl.scene7.com/is/image/OKL/Product_680087992926_Image_1?$kibo_directory_thumbnail$&defaultImage=placeholder_product&defaultImage=placeholder_product,"$2,695.00",Table,
2977,"Fayson Console, Black",https://www.onekingslane.com//p/4849138-fayson-console-black.do?refType=&from=fn&catnav=119610,https://okl.scene7.com/is/image/OKL/Product_801542384425_Image_1?$kibo_directory_thumbnail$&defaultImage=placeholder_product&defaultImage=placeholder_product,$895.00,Table,
2978,"Hammered Console, Gold/White Marble",https://www.onekingslane.com//p/3653944-hammered-console-gold-white-marble.do?refType=&from=fn&catnav=119610,https://okl.scene7.com/is/image/OKL/Product_GLV10507_Image_1?$kibo_directory_thumbnail$&defaultImage=placeholder_product&defaultImage=placeholder_product,$700.00,Table,
2979,"Graf Console, Black",https://www.onekingslane.com//p/4869935-graf-console-black.do?refType=&from=fn&catnav=119610,https://okl.scene7.com/is/image/OKL/Product_842449104136_Image_1?$kibo_directory_thumbnail$&defaultImage=placeholder_product&defaultImage=placeholder_product,"$2,605.00",Table,
2980,"Gravitas Console, Champagne",https://www.onekingslane.com//p/4752052-gravitas-console-champagne.do?refType=&from=fn&catnav=119610,https://okl.scene7.com/is/image/OKL/Product_662869408979_Image_1?$kibo_directory_thumbnail$&defaultImage=placeholder_product&defaultImage=placeholder_product,"$2,535.00",Table,
2981,"Bixby Console, Navy Stripe",https://www.onekingslane.com//p/4772780-bixby-console-navy-stripe.do?refType=&from=fn&catnav=119610,https://okl.scene7.com/is/image/OKL/Product_810764033899_Image_1?$kibo_directory_thumbnail$&defaultImage=placeholder_product&defaultImage=placeholder_product,$795.00 - $995.00,Table,
2982,"Larkspur Console, Antiqued Gold",https://www.onekingslane.com//p/4685848-larkspur-console-antiqued-gold.do?refType=&from=fn&catnav=119610,https://okl.scene7.com/is/image/OKL/Product_IOC10035_Image_1?$kibo_directory_thumbnail$&defaultImage=placeholder_product&defaultImage=placeholder_product,$945.00,Table,
2983,"Connor Console, White",https://www.onekingslane.com//p/4693651-connor-console-white.do?refType=&from=fn&catnav=119610,https://okl2.scene7.com/is/image/OKL/Product_HYC10301_Image_1?$kibo_directory_thumbnail$&defaultImage=placeholder_product&defaultImage=placeholder_product,"$2,595.00",Table,
2984,"Neher Demilune Console, Driftwood",https://www.onekingslane.com//p/4763480-neher-demilune-console-driftwood.do?refType=&from=fn&catnav=119610,https://okl2.scene7.com/is/image/OKL/Product_797379028802_Image_1?$kibo_directory_thumbnail$&defaultImage=placeholder_product&defaultImage=placeholder_product,$415.00,Table,
2985,"Lazlo Faux-Shagreen Console, Java",https://www.onekingslane.com//p/4804829-lazlo-faux-shagreen-console-java.do?refType=&from=fn&catnav=119610,https://okl.scene7.com/is/image/OKL/Product_444725040994_Image_1?$kibo_directory_thumbnail$&defaultImage=placeholder_product&defaultImage=placeholder_product,"$2,285.00",Table,
2986,"Lazlo Faux-Shagreen Console, Natural",https://www.onekingslane.com//p/4804830-lazlo-faux-shagreen-console-natural.do?refType=&from=fn&catnav=119610,https://okl2.scene7.com/is/image/OKL/Product_444725041007_Image_1?$kibo_directory_thumbnail$&defaultImage=placeholder_product&defaultImage=placeholder_product,"$2,285.00",Table,
2987,"Milan Low Console, Java",https://www.onekingslane.com//p/4804810-milan-low-console-java.do?refType=&from=fn&catnav=119610,https://okl.scene7.com/is/image/OKL/Product_444725040802_Image_1?$kibo_directory_thumbnail$&defaultImage=placeholder_product&defaultImage=placeholder_product,"$2,245.00",Table,
2988,"Hannon Console, Echo Oak",https://www.onekingslane.com//p/4778731-hannon-console-echo-oak.do?refType=&from=fn&catnav=119610,https://okl.scene7.com/is/image/OKL/Product_444724712809_Image_1?$kibo_directory_thumbnail$&defaultImage=placeholder_product&defaultImage=placeholder_product,"$2,235.00",Table,
2989,"Billings Console, Silver",https://www.onekingslane.com//p/4471280-billings-console-silver.do?refType=&from=fn&catnav=119610,https://okl3.scene7.com/is/image/OKL/Product_AID10740_Image_1?$kibo_directory_thumbnail$&defaultImage=placeholder_product&defaultImage=placeholder_product,"$2,205.00",Table,
2990,"Lazlo Small Console, Natural",https://www.onekingslane.com//p/4804832-lazlo-small-console-natural.do?refType=&from=fn&catnav=119610,https://okl3.scene7.com/is/image/OKL/Product_444725041021_Image_1?$kibo_directory_thumbnail$&defaultImage=placeholder_product&defaultImage=placeholder_product,"$2,185.00",Table,
2991,"Impresario Console, Silver Leaf",https://www.onekingslane.com//p/4751987-impresario-console-silver-leaf.do?refType=&from=fn&catnav=119610,https://okl.scene7.com/is/image/OKL/Product_662869406296_Image_1?$kibo_directory_thumbnail$&defaultImage=placeholder_product&defaultImage=placeholder_product,"$2,185.00",Table,
2992,"Chloé Iron Console, Matte Black",https://www.onekingslane.com//p/4722298-chlo-iron-console-matte-black.do?refType=&from=fn&catnav=119610,https://okl2.scene7.com/is/image/OKL/Product_LLK10080_Image_1?$kibo_directory_thumbnail$&defaultImage=placeholder_product&defaultImage=placeholder_product,"$1,089.99",Table,
2993,"Milan Console, Java",https://www.onekingslane.com//p/4804833-milan-console-java.do?refType=&from=fn&catnav=119610,https://okl.scene7.com/is/image/OKL/Product_444725041014_Image_1?$kibo_directory_thumbnail$&defaultImage=placeholder_product&defaultImage=placeholder_product,"$2,175.00",Table,
2994,"Charleston Console, Polished Silver",https://www.onekingslane.com//p/4701553-charleston-console-polished-silver.do?refType=&from=fn&catnav=119610,https://okl.scene7.com/is/image/OKL/Product_889048288980_Image_1?$kibo_directory_thumbnail$&defaultImage=placeholder_product&defaultImage=placeholder_product,"$1,195.00",Table,
2995,"Millicent Console, Natural",https://www.onekingslane.com//p/4835818-millicent-console-natural.do?refType=&from=fn&catnav=119610,https://okl.scene7.com/is/image/OKL/Product_680599322822_Image_1?$kibo_directory_thumbnail$&defaultImage=placeholder_product&defaultImage=placeholder_product,"$1,195.00",Table,
2996,"Aria Console, Gray",https://www.onekingslane.com//p/4757581-aria-console-gray.do?refType=&from=fn&catnav=119610,https://okl2.scene7.com/is/image/OKL/Product_815577021156_Image_1?$kibo_directory_thumbnail$&defaultImage=placeholder_product&defaultImage=placeholder_product,"$1,294.99",Table,
2997,"Six Console, Echo Oak",https://www.onekingslane.com//p/4778725-six-console-echo-oak.do?refType=&from=fn&catnav=119610,https://okl.scene7.com/is/image/OKL/Product_444724712748_Image_1?$kibo_directory_thumbnail$&defaultImage=placeholder_product&defaultImage=placeholder_product,"$2,035.00",Table,
2998,"Reclaimed Demilune Console, Unfinished",https://www.onekingslane.com//p/4328181-reclaimed-demilune-console-unfinished.do?refType=&from=fn&catnav=119610,https://okl.scene7.com/is/image/OKL/Product_XGH10109_Image_1?$kibo_directory_thumbnail$&defaultImage=placeholder_product&defaultImage=placeholder_product,"$1,010.00",Table,
2999,"Tay Console, Ivory/Echo Oak",https://www.onekingslane.com//p/4778729-tay-console-ivory-echo-oak.do?refType=&from=fn&catnav=119610,https://okl.scene7.com/is/image/OKL/Product_444724712786_Image_1?$kibo_directory_thumbnail$&defaultImage=placeholder_product&defaultImage=placeholder_product,"$1,995.00",Table,
3000,"Harbor Console, Natural",https://www.onekingslane.com//p/4779518-harbor-console-natural.do?refType=&from=fn&catnav=119610,https://okl.scene7.com/is/image/OKL/Product_662869410798_Image_1?$kibo_directory_thumbnail$&defaultImage=placeholder_product&defaultImage=placeholder_product,"$1,741.50",Table,
3001,"Lucy Console, Gold",https://www.onekingslane.com//p/2250213-lucy-console-gold.do?refType=&from=fn&catnav=119610,https://okl.scene7.com/is/image/OKL/Product_683726304005_Image_1?$kibo_directory_thumbnail$&defaultImage=placeholder_product&defaultImage=placeholder_product,$545.00,Table,
3002,Driftwood Lattice Console,https://www.onekingslane.com//p/3653917-driftwood-lattice-console.do?refType=&from=fn&catnav=119610,https://okl3.scene7.com/is/image/OKL/Product_GLV10480_Image_1?$kibo_directory_thumbnail$&defaultImage=placeholder_product&defaultImage=placeholder_product,"$1,880.00",Table,
3003,"Reclaimed Demilune Console, Unfinished",https://www.onekingslane.com//p/4328186-reclaimed-demilune-console-unfinished.do?refType=&from=fn&catnav=119610,https://okl2.scene7.com/is/image/OKL/Product_XGH10115_Image_1?$kibo_directory_thumbnail$&defaultImage=placeholder_product&defaultImage=placeholder_product,"$1,705.00",Table,
3004,"Gibson Console, Mahogany",https://www.onekingslane.com//p/4676116-gibson-console-mahogany.do?refType=&from=fn&catnav=119610,https://okl.scene7.com/is/image/OKL/Product_NMF10982_Image_1?$kibo_directory_thumbnail$&defaultImage=placeholder_product&defaultImage=placeholder_product,"$1,895.00",Table,
3005,"Mercer Console, Egyptian Onyx",https://www.onekingslane.com//p/4811187-mercer-console-egyptian-onyx.do?refType=&from=fn&catnav=119610,https://okl3.scene7.com/is/image/OKL/Product_444725109721_Image_1?$kibo_directory_thumbnail$&defaultImage=placeholder_product&defaultImage=placeholder_product,"$1,695.00",Table,
3006,Sutton Console,https://www.onekingslane.com//p/3395430-sutton-console.do?refType=&from=fn&catnav=119610,https://okl2.scene7.com/is/image/OKL/Product_NOR11135_Image_1?$kibo_directory_thumbnail$&defaultImage=placeholder_product&defaultImage=placeholder_product,"$1,645.00",Table,
3007,"Van Cleef Console, Silver Leaf",https://www.onekingslane.com//p/4751984-van-cleef-console-silver-leaf.do?refType=&from=fn&catnav=119610,https://okl3.scene7.com/is/image/OKL/Product_662869406272_Image_1?$kibo_directory_thumbnail$&defaultImage=placeholder_product&defaultImage=placeholder_product,"$1,605.00",Table,
3008,"Barella 60"" Console, Mahogany",https://www.onekingslane.com//p/4627175-barella-60-console-mahogany.do?refType=&from=fn&catnav=119610,https://okl.scene7.com/is/image/OKL/Product_HYC10241_Image_1?$kibo_directory_thumbnail$&defaultImage=placeholder_product&defaultImage=placeholder_product,"$1,595.00",Table,
3009,"Monett Console, Gunmetal",https://www.onekingslane.com//p/4545069-monett-console-gunmetal.do?refType=&from=fn&catnav=119610,https://okl2.scene7.com/is/image/OKL/Product_NMF10843_Image_1?$kibo_directory_thumbnail$&defaultImage=placeholder_product&defaultImage=placeholder_product,"$1,595.00",Table,
3010,"Thomas Console, Mink/White",https://www.onekingslane.com//p/4693653-thomas-console-mink-white.do?refType=&from=fn&catnav=119610,https://okl2.scene7.com/is/image/OKL/Product_HYC10303_Image_1?$kibo_directory_thumbnail$&defaultImage=placeholder_product&defaultImage=placeholder_product,"$1,995.00",Table,
3011,"Grace Console, Gold",https://www.onekingslane.com//p/4511511-grace-console-gold.do?refType=&from=fn&catnav=119610,https://okl.scene7.com/is/image/OKL/Product_889048178595_Image_1?$kibo_directory_thumbnail$&defaultImage=placeholder_product&defaultImage=placeholder_product,$795.00,Table,
3012,"Alex Console, Cream",https://www.onekingslane.com//p/4794023-alex-console-cream.do?refType=&from=fn&catnav=119610,https://okl3.scene7.com/is/image/OKL/Product_797379043485_Image_1?$kibo_directory_thumbnail$&defaultImage=placeholder_product&defaultImage=placeholder_product,$454.99,Table,
3013,"Baldwin Console, Latte",https://www.onekingslane.com//p/4693138-baldwin-console-latte.do?refType=&from=fn&catnav=119610,https://okl.scene7.com/is/image/OKL/Product_BRO10409_Image_1?$kibo_directory_thumbnail$&defaultImage=placeholder_product&defaultImage=placeholder_product,"$1,525.00",Table,
3014,"Breakwater Console, Ivory",https://www.onekingslane.com//p/4779517-breakwater-console-ivory.do?refType=&from=fn&catnav=119610,https://okl3.scene7.com/is/image/OKL/Product_662869410705_Image_1?$kibo_directory_thumbnail$&defaultImage=placeholder_product&defaultImage=placeholder_product,"$1,354.50",Table,
3015,"Doheny Console, Wilshire Brown",https://www.onekingslane.com//p/4779164-doheny-console-wilshire-brown.do?refType=&from=fn&catnav=119610,https://okl.scene7.com/is/image/OKL/Product_662869412433_Image_1?$kibo_directory_thumbnail$&defaultImage=placeholder_product&defaultImage=placeholder_product,"$1,354.50",Table,
3016,"Essex Console, Wilshire Brown",https://www.onekingslane.com//p/4779165-essex-console-wilshire-brown.do?refType=&from=fn&catnav=119610,https://okl.scene7.com/is/image/OKL/Product_662869412457_Image_1?$kibo_directory_thumbnail$&defaultImage=placeholder_product&defaultImage=placeholder_product,"$1,354.50",Table,
3017,"Village 72"" Console Table, Brown",https://www.onekingslane.com//p/2338944-village-72-console-table-brown.do?refType=&from=fn&catnav=119610,https://okl3.scene7.com/is/image/OKL/Product_QLE10185_Image_1?$kibo_directory_thumbnail$&defaultImage=placeholder_product&defaultImage=placeholder_product,"$1,485.00",Table,
3018,"Arverne Console, Polished Silver",https://www.onekingslane.com//p/4701549-arverne-console-polished-silver.do?refType=&from=fn&catnav=119610,https://okl2.scene7.com/is/image/OKL/Product_SFC10311_Image_1?$kibo_directory_thumbnail$&defaultImage=placeholder_product&defaultImage=placeholder_product,$795.00,Table,
3019,"Dru Console, Gold",https://www.onekingslane.com//p/2250211-dru-console-gold.do?refType=&from=fn&catnav=119610,https://okl.scene7.com/is/image/OKL/Product_SVF50180_Image_1?$kibo_directory_thumbnail$&defaultImage=placeholder_product&defaultImage=placeholder_product,$495.00,Table,
3020,"Cadden Console, Natural",https://www.onekingslane.com//p/4618302-cadden-console-natural.do?refType=&from=fn&catnav=119610,https://okl.scene7.com/is/image/OKL/Product_DQG10003_Image_1?$kibo_directory_thumbnail$&defaultImage=placeholder_product&defaultImage=placeholder_product,"$1,395.00",Table,
3021,"Viceroy Console, Tobacco",https://www.onekingslane.com//p/4640257-viceroy-console-tobacco.do?refType=&from=fn&catnav=119610,https://okl.scene7.com/is/image/OKL/Product_BRO10390_Image_1?$kibo_directory_thumbnail$&defaultImage=placeholder_product&defaultImage=placeholder_product,"$1,375.00",Table,
3022,"Bella Console, White",https://www.onekingslane.com//p/2476123-bella-console-white.do?refType=&from=fn&catnav=119610,https://okl2.scene7.com/is/image/OKL/Product_SVF52441_Image_1?$kibo_directory_thumbnail$&defaultImage=placeholder_product&defaultImage=placeholder_product,$225.00,Table,
3023,"Eliza 56"" Mirrored Console, Silver",https://www.onekingslane.com//p/1874823-eliza-56-mirrored-console-silver.do?refType=&from=fn&catnav=119610,https://okl3.scene7.com/is/image/OKL/Product_XHQ10119_Image_1?$kibo_directory_thumbnail$&defaultImage=placeholder_product&defaultImage=placeholder_product,"$1,355.00",Table,
3024,"Huet Console, Walnut",https://www.onekingslane.com//p/4847116-huet-console-walnut.do?refType=&from=fn&catnav=119610,https://okl2.scene7.com/is/image/OKL/Product_444725504199_Image_1?$kibo_directory_thumbnail$&defaultImage=placeholder_product&defaultImage=placeholder_product,"$1,695.00",Table,
3025,"Manchester Demilune Console, Pecan",https://www.onekingslane.com//p/4532325-manchester-demilune-console-pecan.do?refType=&from=fn&catnav=119610,https://okl.scene7.com/is/image/OKL/Product_AAM13942_Image_1?$kibo_directory_thumbnail$&defaultImage=placeholder_product&defaultImage=placeholder_product,$475.00,Table,
3026,"Cilia 48"" Console, Mahogany",https://www.onekingslane.com//p/4627174-cilia-48-console-mahogany.do?refType=&from=fn&catnav=119610,https://okl.scene7.com/is/image/OKL/Product_HYC10240_Image_1?$kibo_directory_thumbnail$&defaultImage=placeholder_product&defaultImage=placeholder_product,"$1,395.00",Table,
3027,"Monolit Console, Black/Oak",https://www.onekingslane.com//p/4796861-monolit-console-black-oak.do?refType=&from=fn&catnav=119610,https://okl.scene7.com/is/image/OKL/Product_749531852527_Image_1?$kibo_directory_thumbnail$&defaultImage=placeholder_product&defaultImage=placeholder_product,"$1,310.00",Table,
3028,"Phenomenon Console, Moon Blue",https://www.onekingslane.com//p/4778720-phenomenon-console-moon-blue.do?refType=&from=fn&catnav=119610,https://okl.scene7.com/is/image/OKL/Product_444724712694_Image_1?$kibo_directory_thumbnail$&defaultImage=placeholder_product&defaultImage=placeholder_product,"$1,225.00",Table,
3029,"Eden Skirted Console, Blue Crown",https://www.onekingslane.com//p/4625662-eden-skirted-console-blue-crown.do?refType=&from=fn&catnav=119610,https://okl.scene7.com/is/image/OKL/Product_VXY10052_Image_1?$kibo_directory_thumbnail$&defaultImage=placeholder_product&defaultImage=placeholder_product,"$1,195.00",Table,
3030,"Athena Console, Ivory",https://www.onekingslane.com//p/4791109-athena-console-ivory.do?refType=&from=fn&catnav=119610,https://okl2.scene7.com/is/image/OKL/Product_815577021255_Image_1?$kibo_directory_thumbnail$&defaultImage=placeholder_product&defaultImage=placeholder_product,"$1,179.99",Table,
3031,"Lagoon 60"" Sofa Table, Tawny",https://www.onekingslane.com//p/3857486-lagoon-60-sofa-table-tawny.do?refType=&from=fn&catnav=119610,https://okl.scene7.com/is/image/OKL/Product_DWP10293_Image_1?$kibo_directory_thumbnail$&defaultImage=placeholder_product&defaultImage=placeholder_product,"$1,039.50",Table,
3032,"Kenetic Console, Mocha",https://www.onekingslane.com//p/4606481-kenetic-console-mocha.do?refType=&from=fn&catnav=119610,https://okl.scene7.com/is/image/OKL/Product_XXO10704_Image_1?$kibo_directory_thumbnail$&defaultImage=placeholder_product&defaultImage=placeholder_product,"$1,210.50",Table,
3033,"Bartlett Console, Antiqued Brass",https://www.onekingslane.com//p/4846593-bartlett-console-antiqued-brass.do?refType=&from=fn&catnav=119610,https://okl.scene7.com/is/image/OKL/Product_812364031398_Image_1?$kibo_directory_thumbnail$&defaultImage=placeholder_product&defaultImage=placeholder_product,"$1,125.00",Table,
3034,"Eleni Console, Antiqued Oak",https://www.onekingslane.com//p/4781404-eleni-console-antiqued-oak.do?refType=&from=fn&catnav=119610,https://okl3.scene7.com/is/image/OKL/Product_444724745982_Image_1?$kibo_directory_thumbnail$&defaultImage=placeholder_product&defaultImage=placeholder_product,"$1,395.00",Table,
3035,"Rhodes Bone-Inlay Console, Blue/White",https://www.onekingslane.com//p/4680073-rhodes-bone-inlay-console-blue-white.do?refType=&from=fn&catnav=119610,https://okl.scene7.com/is/image/OKL/Product_FLX11997_Image_1?$kibo_directory_thumbnail$&defaultImage=placeholder_product&defaultImage=placeholder_product,"$1,595.00",Table,
3036,"Noam Console, White",https://www.onekingslane.com//p/4722159-noam-console-white.do?refType=&from=fn&catnav=119610,https://okl.scene7.com/is/image/OKL/Product_SVF85354_Image_1?$kibo_directory_thumbnail$&defaultImage=placeholder_product&defaultImage=placeholder_product,$625.00,Table,
3037,"Seaton Console, Gold",https://www.onekingslane.com//p/4763504-seaton-console-gold.do?refType=&from=fn&catnav=119610,https://okl2.scene7.com/is/image/OKL/Product_797379041016_Image_1?$kibo_directory_thumbnail$&defaultImage=placeholder_product&defaultImage=placeholder_product,$425.00,Table,
3038,"Gauch 48"" Console, Cherry",https://www.onekingslane.com//p/4627178-gauch-48-console-cherry.do?refType=&from=fn&catnav=119610,https://okl.scene7.com/is/image/OKL/Product_HYC10244_Image_1?$kibo_directory_thumbnail$&defaultImage=placeholder_product&defaultImage=placeholder_product,"$1,395.00",Table,
3039,"Schultz Console, Natural/Gray",https://www.onekingslane.com//p/4695502-schultz-console-natural-gray.do?refType=&from=fn&catnav=119610,https://okl.scene7.com/is/image/OKL/Product_SVF85213_Image_1?$kibo_directory_thumbnail$&defaultImage=placeholder_product&defaultImage=placeholder_product,$575.00,Table,
3040,"Isamu Console, Gray",https://www.onekingslane.com//p/2753802-isamu-console-gray.do?refType=&from=fn&catnav=119610,https://okl.scene7.com/is/image/OKL/Product_683726370109_Image_1?$kibo_directory_thumbnail$&defaultImage=placeholder_product&defaultImage=placeholder_product,$215.00,Table,
3041,"Alexander Teak Outdoor Console, Teak",https://www.onekingslane.com//p/4753159-alexander-teak-outdoor-console-teak.do?refType=&from=fn&catnav=119610,https://okl2.scene7.com/is/image/OKL/Product_444724446148_Image_1?$kibo_directory_thumbnail$&defaultImage=placeholder_product&defaultImage=placeholder_product,$965.00,Table,
3042,"Vogue Demilune Console, Ivory/Gray",https://www.onekingslane.com//p/4477432-vogue-demilune-console-ivory-gray.do?refType=&from=fn&catnav=119610,https://okl3.scene7.com/is/image/OKL/Product_844717020223_Image_1?$kibo_directory_thumbnail$&defaultImage=placeholder_product&defaultImage=placeholder_product,"$1,200.00",Table,
3043,"Bayou Console, White Marble/Gold",https://www.onekingslane.com//p/3798821-bayou-console-white-marble-gold.do?refType=&from=fn&catnav=119610,https://okl.scene7.com/is/image/OKL/Product_VOH10330_Image_1?$kibo_directory_thumbnail$&defaultImage=placeholder_product&defaultImage=placeholder_product,"$1,165.00",Table,
3044,"You Console, Gray",https://www.onekingslane.com//p/4664061-you-console-gray.do?refType=&from=fn&catnav=119610,https://okl3.scene7.com/is/image/OKL/Product_854849007689_Image_1?$kibo_directory_thumbnail$&defaultImage=placeholder_product&defaultImage=placeholder_product,$925.00,Table,
3045,Harrow Console Table,https://www.onekingslane.com//p/1968277-harrow-console-table.do?refType=&from=fn&catnav=119610,https://okl3.scene7.com/is/image/OKL/Product_XHQ10174_Image_1?$kibo_directory_thumbnail$&defaultImage=placeholder_product&defaultImage=placeholder_product,$575.00,Table,
3046,"Clinton Console, Natural",https://www.onekingslane.com//p/1409027-clinton-console-natural.do?refType=&from=fn&catnav=119610,https://okl.scene7.com/is/image/OKL/Product_683726517306_Image_1?$kibo_directory_thumbnail$&defaultImage=placeholder_product&defaultImage=placeholder_product,$275.00,Table,
3047,"Laurent 38"" Console, Medium Brown",https://www.onekingslane.com//p/2338943-laurent-38-console-medium-brown.do?refType=&from=fn&catnav=119610,https://okl.scene7.com/is/image/OKL/Product_QLE10184_Image_1?$kibo_directory_thumbnail$&defaultImage=placeholder_product&defaultImage=placeholder_product,$895.00,Table,
3048,"Open Block Console, Gold",https://www.onekingslane.com//p/3964506-open-block-console-gold.do?refType=&from=fn&catnav=119610,https://okl.scene7.com/is/image/OKL/Product_GLV10595_Image_1?$kibo_directory_thumbnail$&defaultImage=placeholder_product&defaultImage=placeholder_product,$875.00,Table,
3049,"Sutton Criss-Cross Console, Black",https://www.onekingslane.com//p/3892112-sutton-criss-cross-console-black.do?page=2&refType=&from=fn&catnav=119610,https://okl3.scene7.com/is/image/OKL/Product_NOR11278_Image_1?$kibo_directory_thumbnail$&defaultImage=placeholder_product&defaultImage=placeholder_product,$865.00,Table,
3050,Open Block Console,https://www.onekingslane.com//p/3653936-open-block-console.do?page=2&refType=&from=fn&catnav=119610,https://okl2.scene7.com/is/image/OKL/Product_GLV10499_Image_1?$kibo_directory_thumbnail$&defaultImage=placeholder_product&defaultImage=placeholder_product,$830.00,Table,
3051,"Arden Console, Echo Oak",https://www.onekingslane.com//p/4778728-arden-console-echo-oak.do?page=2&refType=&from=fn&catnav=119610,https://okl3.scene7.com/is/image/OKL/Product_444724712779_Image_1?$kibo_directory_thumbnail$&defaultImage=placeholder_product&defaultImage=placeholder_product,"$3,245.00",Table,
3052,"Empire Console, Tan/Bronze",https://www.onekingslane.com//p/4854680-empire-console-tan-bronze.do?page=2&refType=&from=fn&catnav=119610,https://okl.scene7.com/is/image/OKL/Product_444725587062_Image_1?$kibo_directory_thumbnail$&defaultImage=placeholder_product&defaultImage=placeholder_product,$800.00,Table,
3053,Chantal Mirrored Console Shelf,https://www.onekingslane.com//p/4136533-chantal-mirrored-console-shelf.do?page=2&refType=&from=fn&catnav=119610,https://okl.scene7.com/is/image/OKL/Product_RAW10473_Image_1?$kibo_directory_thumbnail$&defaultImage=placeholder_product&defaultImage=placeholder_product,"$1,000.00",Table,
3054,"Laurence 53"" Console, Gold",https://www.onekingslane.com//p/4628726-laurence-53-console-gold.do?page=2&refType=&from=fn&catnav=119610,https://okl3.scene7.com/is/image/OKL/Product_PAN11338_Image_1?$kibo_directory_thumbnail$&defaultImage=placeholder_product&defaultImage=placeholder_product,$799.00,Table,
3055,"Strand Console, Natural Gray",https://www.onekingslane.com//p/4791723-strand-console-natural-gray.do?page=2&refType=&from=fn&catnav=119610,https://okl.scene7.com/is/image/OKL/Product_842279109394_Image_1?$kibo_directory_thumbnail$&defaultImage=placeholder_product&defaultImage=placeholder_product,"$1,095.00",Table,
3056,"Fiona Console, Black",https://www.onekingslane.com//p/4813495-fiona-console-black.do?page=2&refType=&from=fn&catnav=119610,https://okl.scene7.com/is/image/OKL/Product_842728102990_Image_1?$kibo_directory_thumbnail$&defaultImage=placeholder_product&defaultImage=placeholder_product,$865.00,Table,
3057,"Abner Console, Cream",https://www.onekingslane.com//p/4670318-abner-console-cream.do?page=2&refType=&from=fn&catnav=119610,https://okl.scene7.com/is/image/OKL/Product_FLX11991_Image_1?$kibo_directory_thumbnail$&defaultImage=placeholder_product&defaultImage=placeholder_product,$765.00,Table,
3058,"Lois 48"" Console, Graywash",https://www.onekingslane.com//p/4602031-lois-48-console-graywash.do?page=2&refType=&from=fn&catnav=119610,https://okl.scene7.com/is/image/OKL/Product_QDX10082_Image_1?$kibo_directory_thumbnail$&defaultImage=placeholder_product&defaultImage=placeholder_product,$760.00,Table,
3059,"Julia Console, Aged Gray",https://www.onekingslane.com//p/4867822-julia-console-aged-gray.do?page=2&refType=&from=fn&catnav=119610,https://okl.scene7.com/is/image/OKL/Product_801542510800_Image_1?$kibo_directory_thumbnail$&defaultImage=placeholder_product&defaultImage=placeholder_product,$750.00,Table,
3060,"Robin Console, Brushed Gold",https://www.onekingslane.com//p/4516885-robin-console-brushed-gold.do?page=2&refType=&from=fn&catnav=119610,https://okl.scene7.com/is/image/OKL/Product_ORI10649_Image_1?$kibo_directory_thumbnail$&defaultImage=placeholder_product&defaultImage=placeholder_product,$895.00,Table,
3061,"Laurence 53"" Console, Silver",https://www.onekingslane.com//p/4628727-laurence-53-console-silver.do?page=2&refType=&from=fn&catnav=119610,https://okl.scene7.com/is/image/OKL/Product_PAN11339_Image_1?$kibo_directory_thumbnail$&defaultImage=placeholder_product&defaultImage=placeholder_product,$699.00,Table,
3062,"Hyannis Demilune Console, Gold",https://www.onekingslane.com//p/4553602-hyannis-demilune-console-gold.do?page=2&refType=&from=fn&catnav=119610,https://okl.scene7.com/is/image/OKL/Product_IOC10009_Image_1?$kibo_directory_thumbnail$&defaultImage=placeholder_product&defaultImage=placeholder_product,$695.00,Table,
3063,"Graham Console, Natural",https://www.onekingslane.com//p/4863048-graham-console-natural.do?page=2&refType=&from=fn&catnav=119610,https://okl.scene7.com/is/image/OKL/Product_688933029093_Image_1?$kibo_directory_thumbnail$&defaultImage=placeholder_product&defaultImage=placeholder_product,$695.00,Table,
3064,"Strand Console, White",https://www.onekingslane.com//p/4791774-strand-console-white.do?page=2&refType=&from=fn&catnav=119610,https://okl.scene7.com/is/image/OKL/Product_842279113599_Image_1?$kibo_directory_thumbnail$&defaultImage=placeholder_product&defaultImage=placeholder_product,$995.00,Table,
3065,"Eden Skirted Console, Oatmeal/Mauve",https://www.onekingslane.com//p/4553590-eden-skirted-console-oatmeal-mauve.do?page=2&refType=&from=fn&catnav=119610,https://okl.scene7.com/is/image/OKL/Product_VXY10026_Image_1?$kibo_directory_thumbnail$&defaultImage=placeholder_product&defaultImage=placeholder_product,$694.99,Table,
3066,"Renata Console, Pecan",https://www.onekingslane.com//p/4834846-renata-console-pecan.do?page=2&refType=&from=fn&catnav=119610,https://okl.scene7.com/is/image/OKL/Product_812364031190_Image_1?$kibo_directory_thumbnail$&defaultImage=placeholder_product&defaultImage=placeholder_product,$694.99,Table,
3067,"Palmer Console, Driftwood",https://www.onekingslane.com//p/4298527-palmer-console-driftwood.do?page=2&refType=&from=fn&catnav=119610,https://okl.scene7.com/is/image/OKL/Product_BRO10237_Image_1?$kibo_directory_thumbnail$&defaultImage=placeholder_product&defaultImage=placeholder_product,$924.99,Table,
3068,"Maben Acrylic Console, Clear",https://www.onekingslane.com//p/4670310-maben-acrylic-console-clear.do?page=2&refType=&from=fn&catnav=119610,https://okl3.scene7.com/is/image/OKL/Product_FLX11983_Image_1?$kibo_directory_thumbnail$&defaultImage=placeholder_product&defaultImage=placeholder_product,$875.00,Table,
3069,"Jason 3-Drawer Console, Natural",https://www.onekingslane.com//p/4863045-jason-3-drawer-console-natural.do?page=2&refType=&from=fn&catnav=119610,https://okl3.scene7.com/is/image/OKL/Product_688933029062_Image_1?$kibo_directory_thumbnail$&defaultImage=placeholder_product&defaultImage=placeholder_product,$595.00,Table,
3070,"Maya Demilune Console, Sandstone",https://www.onekingslane.com//p/3932246-maya-demilune-console-sandstone.do?page=2&refType=&from=fn&catnav=119610,https://okl2.scene7.com/is/image/OKL/Product_FLX11592_Image_1?$kibo_directory_thumbnail$&defaultImage=placeholder_product&defaultImage=placeholder_product,$575.00,Table,
3071,"Ruby Tiered Console, Cherry",https://www.onekingslane.com//p/4552740-ruby-tiered-console-cherry.do?page=2&refType=&from=fn&catnav=119610,https://okl2.scene7.com/is/image/OKL/Product_FLX11898_Image_1?$kibo_directory_thumbnail$&defaultImage=placeholder_product&defaultImage=placeholder_product,$575.00,Table,
3072,"Lilia Console, Natural",https://www.onekingslane.com//p/4670769-lilia-console-natural.do?page=2&refType=&from=fn&catnav=119610,https://okl.scene7.com/is/image/OKL/Product_XGH10171_Image_1?$kibo_directory_thumbnail$&defaultImage=placeholder_product&defaultImage=placeholder_product,"$2,045.00",Table,
3073,"Christa Console, Distressed White",https://www.onekingslane.com//p/4765451-christa-console-distressed-white.do?page=2&refType=&from=fn&catnav=119610,https://okl3.scene7.com/is/image/OKL/Product_889048038837_Image_1?$kibo_directory_thumbnail$&defaultImage=placeholder_product&defaultImage=placeholder_product,$225.00,Table,
3074,"Brighton Console, Natural/Gold",https://www.onekingslane.com//p/3887932-brighton-console-natural-gold.do?page=2&refType=&from=fn&catnav=119610,https://okl.scene7.com/is/image/OKL/Product_JCI11021_Image_1?$kibo_directory_thumbnail$&defaultImage=placeholder_product&defaultImage=placeholder_product,$550.00,Table,
3075,"Sophia 53"" Console, White/Gold",https://www.onekingslane.com//p/4628728-sophia-53-console-white-gold.do?page=2&refType=&from=fn&catnav=119610,https://okl.scene7.com/is/image/OKL/Product_PAN11340_Image_1?$kibo_directory_thumbnail$&defaultImage=placeholder_product&defaultImage=placeholder_product,$599.00,Table,
3076,"Juliette Console, Cherry",https://www.onekingslane.com//p/1238681-juliette-console-cherry.do?page=2&refType=&from=fn&catnav=119610,https://okl.scene7.com/is/image/OKL/Product_FLX10699_Image_1?$kibo_directory_thumbnail$&defaultImage=placeholder_product&defaultImage=placeholder_product,$565.00,Table,
3077,"Duvall Demilune Console, Coffee",https://www.onekingslane.com//p/4781854-duvall-demilune-console-coffee.do?page=2&refType=&from=fn&catnav=119610,https://okl3.scene7.com/is/image/OKL/Product_36155378008_Image_1?$kibo_directory_thumbnail$&defaultImage=placeholder_product&defaultImage=placeholder_product,$505.00,Table,
3078,Larsen Console Table,https://www.onekingslane.com//p/1851209-larsen-console-table.do?page=2&refType=&from=fn&catnav=119610,https://okl.scene7.com/is/image/OKL/Product_SVF43890_Image_1?$kibo_directory_thumbnail$&defaultImage=placeholder_product&defaultImage=placeholder_product,$495.00,Table,
3079,"Asst. of 2 Catherine Nesting Consoles, Taupe",https://www.onekingslane.com//p/2476147-asst-of-2-catherine-nesting-consoles-taupe.do?page=2&refType=&from=fn&catnav=119610,https://okl.scene7.com/is/image/OKL/Product_SVF52471_Image_1?$kibo_directory_thumbnail$&defaultImage=placeholder_product&defaultImage=placeholder_product,$525.00,Table,
3080,"Balay Console, Clear/White",https://www.onekingslane.com//p/4818977-balay-console-clear-white.do?page=2&refType=&from=fn&catnav=119610,https://okl2.scene7.com/is/image/OKL/Product_889048538016_Image_1?$kibo_directory_thumbnail$&defaultImage=placeholder_product&defaultImage=placeholder_product,$475.00,Table,
3081,"Abra Console, Ivory",https://www.onekingslane.com//p/1851280-abra-console-ivory.do?page=2&refType=&from=fn&catnav=119610,https://okl.scene7.com/is/image/OKL/Product_SVF43962_Image_1?$kibo_directory_thumbnail$&defaultImage=placeholder_product&defaultImage=placeholder_product,$215.00,Table,
3082,"Ella Console, Clear",https://www.onekingslane.com//p/2609172-ella-console-clear.do?page=2&refType=&from=fn&catnav=119610,https://okl3.scene7.com/is/image/OKL/Product_SVF52945_Image_1?$kibo_directory_thumbnail$&defaultImage=placeholder_product&defaultImage=placeholder_product,$475.00,Table,
3083,"Mercer Console, White",https://www.onekingslane.com//p/1132618-mercer-console-white.do?page=2&refType=&from=fn&catnav=119610,https://okl.scene7.com/is/image/OKL/Product_SVF70200_Image_1?$kibo_directory_thumbnail$&defaultImage=placeholder_product&defaultImage=placeholder_product,$225.00,Table,
3084,"Shara Console, Caramel",https://www.onekingslane.com//p/4670317-shara-console-caramel.do?page=2&refType=&from=fn&catnav=119610,https://okl.scene7.com/is/image/OKL/Product_FLX11990_Image_1?$kibo_directory_thumbnail$&defaultImage=placeholder_product&defaultImage=placeholder_product,$355.00,Table,
3085,"Gemma Console, Gold",https://www.onekingslane.com//p/4188380-gemma-console-gold.do?page=2&refType=&from=fn&catnav=119610,https://okl3.scene7.com/is/image/OKL/Product_889048001138_Image_1?$kibo_directory_thumbnail$&defaultImage=placeholder_product&defaultImage=placeholder_product,$325.00,Table,
3086,"Bowdoin Console, Natural Elm",https://www.onekingslane.com//p/608511-bowdoin-console-natural-elm.do?page=2&refType=&from=fn&catnav=119610,https://okl.scene7.com/is/image/OKL/Product_SVF17634_Image_1?$kibo_directory_thumbnail$&defaultImage=placeholder_product&defaultImage=placeholder_product,$325.00,Table,
3087,"Elling Console, Distressed Ash Gray",https://www.onekingslane.com//p/1132624-elling-console-distressed-ash-gray.do?page=2&refType=&from=fn&catnav=119610,https://okl.scene7.com/is/image/OKL/Product_SVF70206_Image_1?$kibo_directory_thumbnail$&defaultImage=placeholder_product&defaultImage=placeholder_product,$245.00,Table,
3088,"Majorie Console, Moon Gray",https://www.onekingslane.com//p/1007146-majorie-console-moon-gray.do?page=2&refType=&from=fn&catnav=119610,https://okl.scene7.com/is/image/OKL/Product_SVF28703_Image_1?$kibo_directory_thumbnail$&defaultImage=placeholder_product&defaultImage=placeholder_product,$245.00,Table,
3089,"Elling Console, Distressed Eggshell",https://www.onekingslane.com//p/1132625-elling-console-distressed-eggshell.do?page=2&refType=&from=fn&catnav=119610,https://okl.scene7.com/is/image/OKL/Product_SVF70207_Image_1?$kibo_directory_thumbnail$&defaultImage=placeholder_product&defaultImage=placeholder_product,$245.00,Table,
3090,"Jenna 2-Shelf Console, White",https://www.onekingslane.com//p/3706327-jenna-2-shelf-console-white.do?page=2&refType=&from=fn&catnav=119610,https://okl3.scene7.com/is/image/OKL/Product_FLX11531_Image_1?$kibo_directory_thumbnail$&defaultImage=placeholder_product&defaultImage=placeholder_product,$345.00,Table,
3091,"Trace Demilune Console, Honey",https://www.onekingslane.com//p/794382-trace-demilune-console-honey.do?page=2&refType=&from=fn&catnav=119610,https://okl.scene7.com/is/image/OKL/Product_AAM10189_Image_1?$kibo_directory_thumbnail$&defaultImage=placeholder_product&defaultImage=placeholder_product,$265.00,Table,
3092,"Lucas Console, Cream",https://www.onekingslane.com//p/739463-lucas-console-cream.do?page=2&refType=&from=fn&catnav=119610,https://okl.scene7.com/is/image/OKL/Product_AAM10148_Image_1?$kibo_directory_thumbnail$&defaultImage=placeholder_product&defaultImage=placeholder_product,$200.00,Table,
3093,"Reclaimed 3-Drawer Console, Unfinished",https://www.onekingslane.com//p/4484542-reclaimed-3-drawer-console-unfinished.do?page=2&refType=&from=fn&catnav=119610,https://okl.scene7.com/is/image/OKL/Product_XGH10146_Image_1?$kibo_directory_thumbnail$&defaultImage=placeholder_product&defaultImage=placeholder_product,"$4,110.00",Table,
3094,"Barcelona Console, Tobacco",https://www.onekingslane.com//p/2338896-barcelona-console-tobacco.do?page=2&refType=&from=fn&catnav=119610,https://okl.scene7.com/is/image/OKL/Product_DAV10563_Image_1?$kibo_directory_thumbnail$&defaultImage=placeholder_product&defaultImage=placeholder_product,"$3,095.00",Table,
3095,"Eden Skirted Console, Oatmeal/White",https://www.onekingslane.com//p/4553591-eden-skirted-console-oatmeal-white.do?page=2&refType=&from=fn&catnav=119610,https://okl.scene7.com/is/image/OKL/Product_VXY10028_Image_1?$kibo_directory_thumbnail$&defaultImage=placeholder_product&defaultImage=placeholder_product,"$1,195.00",Table,
3096,"Claudia 2-Shelf Console, White",https://www.onekingslane.com//p/3565846-claudia-2-shelf-console-white.do?page=2&refType=&from=fn&catnav=119610,https://okl3.scene7.com/is/image/OKL/Product_LOD10119_Image_1?$kibo_directory_thumbnail$&defaultImage=placeholder_product&defaultImage=placeholder_product,$499.00,Table,
3097,"Orlando Bar Console, Toffee/Echo Oak",https://www.onekingslane.com//p/4778730-orlando-bar-console-toffee-echo-oak.do?page=2&refType=&from=fn&catnav=119610,https://okl2.scene7.com/is/image/OKL/Product_444724712793_Image_1?$kibo_directory_thumbnail$&defaultImage=placeholder_product&defaultImage=placeholder_product,"$3,485.00",Table,
3098,"Masterson Console, Ivory/Multi",https://www.onekingslane.com//p/4751940-masterson-console-ivory-multi.do?page=2&refType=&from=fn&catnav=119610,https://okl.scene7.com/is/image/OKL/Product_662869404575_Image_1?$kibo_directory_thumbnail$&defaultImage=placeholder_product&defaultImage=placeholder_product,"$1,759.50",Table,
3099,Hand-Carved Javanese Table,https://www.onekingslane.com//p/4593214-hand-carved-javanese-table.do?page=2&refType=&from=fn&catnav=119610,https://okl2.scene7.com/is/image/OKL/vmf_vendor_BJT_4593214_1475167108053_819596?$kibo_directory_thumbnail$&defaultImage=placeholder_product&defaultImage=placeholder_product,"$1,899.00",Table,
3100,1970s Modern Chrome X Legs Console,https://www.onekingslane.com//p/4546177-1970s-modern-chrome-x-legs-console.do?page=2&refType=&from=fn&catnav=119610,https://okl.scene7.com/is/image/OKL/vmf_vendor_XWC_4546177_1467756907232_605705?$kibo_directory_thumbnail$&defaultImage=placeholder_product&defaultImage=placeholder_product,"$1,219.00",Table,
3101,"Serpentine Console, Hazelnut",https://www.onekingslane.com//p/4693626-serpentine-console-hazelnut.do?page=2&refType=&from=fn&catnav=119610,https://okl3.scene7.com/is/image/OKL/Product_HYC10276_Image_1?$kibo_directory_thumbnail$&defaultImage=placeholder_product&defaultImage=placeholder_product,"$1,295.00",Table,
3102,"Barcelona Console, Turquoise",https://www.onekingslane.com//p/2614969-barcelona-console-turquoise.do?page=2&refType=&from=fn&catnav=119610,https://okl.scene7.com/is/image/OKL/Product_DAV10756_Image_1?$kibo_directory_thumbnail$&defaultImage=placeholder_product&defaultImage=placeholder_product,"$3,095.00",Table,
3103,"Toulouse Console, Seared Oak/Gold",https://www.onekingslane.com//p/3798819-toulouse-console-seared-oak-gold.do?page=2&refType=&from=fn&catnav=119610,https://okl2.scene7.com/is/image/OKL/Product_VOH10326_Image_1?$kibo_directory_thumbnail$&defaultImage=placeholder_product&defaultImage=placeholder_product,"$1,345.00",Table,
3104,"Eden Skirted Console, Indigo",https://www.onekingslane.com//p/4553589-eden-skirted-console-indigo.do?page=2&refType=&from=fn&catnav=119610,https://okl3.scene7.com/is/image/OKL/Product_VXY10024_Image_1?$kibo_directory_thumbnail$&defaultImage=placeholder_product&defaultImage=placeholder_product,"$1,195.00",Table,
3105,"James Console, Natural",https://www.onekingslane.com//p/4670777-james-console-natural.do?page=2&refType=&from=fn&catnav=119610,https://okl2.scene7.com/is/image/OKL/Product_XGH10179_Image_1?$kibo_directory_thumbnail$&defaultImage=placeholder_product&defaultImage=placeholder_product,"$2,400.00",Table,
3106,Penthouse Console,https://www.onekingslane.com//p/b2576640-penthouse-console.do?page=2&refType=&from=fn&catnav=119610,https://okl.scene7.com/is/image/OKL/Product_EJV10795_Image_1?$kibo_directory_thumbnail$&defaultImage=placeholder_product&defaultImage=placeholder_product,"$5,765.00",Table,
3107,George III Console,https://www.onekingslane.com//p/b2576594-george-iii-console.do?page=2&refType=&from=fn&catnav=119610,https://okl.scene7.com/is/image/OKL/Product_EJV10745_Image_1?$kibo_directory_thumbnail$&defaultImage=placeholder_product&defaultImage=placeholder_product,"$4,050.00",Table,
3108,"Ambrose Console, White",https://www.onekingslane.com//p/4842664-ambrose-console-white.do?page=2&refType=&from=fn&catnav=119610,https://okl.scene7.com/is/image/OKL/Product_444725454821_Image_1?$kibo_directory_thumbnail$&defaultImage=placeholder_product&defaultImage=placeholder_product,"$5,500.00",Table,
3109,"Millie Console, Natural",https://www.onekingslane.com//p/4752872-millie-console-natural.do?page=2&refType=&from=fn&catnav=119610,https://okl.scene7.com/is/image/OKL/Product_680087992919_Image_1?$kibo_directory_thumbnail$&defaultImage=placeholder_product&defaultImage=placeholder_product,"$3,795.00",Table,
3110,"Quadrilateral Console, Ivory",https://www.onekingslane.com//p/4778722-quadrilateral-console-ivory.do?page=2&refType=&from=fn&catnav=119610,https://okl.scene7.com/is/image/OKL/Product_444724712717_Image_1?$kibo_directory_thumbnail$&defaultImage=placeholder_product&defaultImage=placeholder_product,"$1,605.00",Table,
3111,"Lescot Console, Gunmetal",https://www.onekingslane.com//p/4776065-lescot-console-gunmetal.do?page=2&refType=&from=fn&catnav=119610,https://okl.scene7.com/is/image/OKL/Product_651083927809_Image_1?$kibo_directory_thumbnail$&defaultImage=placeholder_product&defaultImage=placeholder_product,"$1,000.00",Table,
3112,"Urbana Console, Anise",https://www.onekingslane.com//p/4804826-urbana-console-anise.do?page=2&refType=&from=fn&catnav=119610,https://okl2.scene7.com/is/image/OKL/Product_444725040963_Image_1?$kibo_directory_thumbnail$&defaultImage=placeholder_product&defaultImage=placeholder_product,"$1,825.00",Table,
3113,"Urbana Console, Cardamon",https://www.onekingslane.com//p/4804825-urbana-console-cardamon.do?page=2&refType=&from=fn&catnav=119610,https://okl.scene7.com/is/image/OKL/Product_444725040956_Image_1?$kibo_directory_thumbnail$&defaultImage=placeholder_product&defaultImage=placeholder_product,"$1,825.00",Table,
3114,"Quinn Console, Anise",https://www.onekingslane.com//p/4804824-quinn-console-anise.do?page=2&refType=&from=fn&catnav=119610,https://okl.scene7.com/is/image/OKL/Product_444725040949_Image_1?$kibo_directory_thumbnail$&defaultImage=placeholder_product&defaultImage=placeholder_product,"$1,825.00",Table,
3115,"Fusion Console, Ashen Oak",https://www.onekingslane.com//p/4854407-fusion-console-ashen-oak.do?page=2&refType=&from=fn&catnav=119610,https://okl2.scene7.com/is/image/OKL/Product_662896012200_Image_1?$kibo_directory_thumbnail$&defaultImage=placeholder_product&defaultImage=placeholder_product,"$1,145.00",Table,
3116,"Desdemona Sideboard, Bleached Elm",https://www.onekingslane.com//p/4869939-desdemona-sideboard-bleached-elm.do?page=2&refType=&from=fn&catnav=119610,https://okl.scene7.com/is/image/OKL/Product_842449104624_Image_1?$kibo_directory_thumbnail$&defaultImage=placeholder_product&defaultImage=placeholder_product,"$3,270.00",Table,
3117,"Anik Console, Vintage Silver",https://www.onekingslane.com//p/4871170-anik-console-vintage-silver.do?page=2&refType=&from=fn&catnav=119610,https://okl.scene7.com/is/image/OKL/Product_812364031640_Image_1?$kibo_directory_thumbnail$&defaultImage=placeholder_product&defaultImage=placeholder_product,"$1,125.00",Table,
3118,"Lara Coffee Table, Brass",https://www.onekingslane.com//p/4871176-lara-coffee-table-brass.do?page=2&refType=&from=fn&catnav=119610,https://okl.scene7.com/is/image/OKL/Product_812364031626_Image_1?$kibo_directory_thumbnail$&defaultImage=placeholder_product&defaultImage=placeholder_product,"$1,945.00",Table,
3119,"Heritage Console, Gray/Brown",https://www.onekingslane.com//p/4871179-heritage-console-gray-brown.do?page=2&refType=&from=fn&catnav=119610,https://okl.scene7.com/is/image/OKL/Product_812364031824_Image_1?$kibo_directory_thumbnail$&defaultImage=placeholder_product&defaultImage=placeholder_product,$915.00,Table,
3120,"Lara Console, Natural White",https://www.onekingslane.com//p/4835819-lara-console-natural-white.do?page=2&refType=&from=fn&catnav=119610,https://okl.scene7.com/is/image/OKL/Product_680599322839_Image_1?$kibo_directory_thumbnail$&defaultImage=placeholder_product&defaultImage=placeholder_product,"$2,250.00",Table,
3121,"Grace Console, Serene Dark Taupe",https://www.onekingslane.com//p/4854419-grace-console-serene-dark-taupe.do?page=2&refType=&from=fn&catnav=119610,https://okl.scene7.com/is/image/OKL/Product_662896021509_Image_1?$kibo_directory_thumbnail$&defaultImage=placeholder_product&defaultImage=placeholder_product,"$1,095.00",Table,
3122,"Ella Outdoor Console, Slate Gray/Black Walnut",https://www.onekingslane.com//p/4871063-ella-outdoor-console-slate-gray-black-walnut.do?page=2&refType=&from=fn&catnav=119610,https://okl.scene7.com/is/image/OKL/Product_444725790127_Image_1?$kibo_directory_thumbnail$&defaultImage=placeholder_product&defaultImage=placeholder_product,"$1,725.00",Table,
3123,"Circle Square Console, Black Walnut",https://www.onekingslane.com//p/4816358-circle-square-console-black-walnut.do?page=2&refType=&from=fn&catnav=119610,https://okl3.scene7.com/is/image/OKL/Product_662886002334_Image_1?$kibo_directory_thumbnail$&defaultImage=placeholder_product&defaultImage=placeholder_product,"$3,465.00",Table,
3124,"Encore Console, Gray",https://www.onekingslane.com//p/4821982-encore-console-gray.do?page=2&refType=&from=fn&catnav=119610,https://okl.scene7.com/is/image/OKL/Product_444725233761_Image_1?$kibo_directory_thumbnail$&defaultImage=placeholder_product&defaultImage=placeholder_product,"$2,985.00",Table,
3125,"Strathmore Console, Driftwood",https://www.onekingslane.com//p/4821251-strathmore-console-driftwood.do?page=2&refType=&from=fn&catnav=119610,https://okl3.scene7.com/is/image/OKL/Product_444725226503_Image_1?$kibo_directory_thumbnail$&defaultImage=placeholder_product&defaultImage=placeholder_product,"$2,595.00",Table,
3126,"Amalfi Console, Praline",https://www.onekingslane.com//p/4834214-amalfi-console-praline.do?page=2&refType=&from=fn&catnav=119610,https://okl3.scene7.com/is/image/OKL/Product_045934998863_Image_1?$kibo_directory_thumbnail$&defaultImage=placeholder_product&defaultImage=placeholder_product,"$2,880.00",Table,
3127,"Stowe Console Table, Rustic Brown",https://www.onekingslane.com//p/4877171-stowe-console-table-rustic-brown.do?page=2&refType=&from=fn&catnav=119610,https://okl.scene7.com/is/image/OKL/Product_797379048206_Image_1?$kibo_directory_thumbnail$&defaultImage=placeholder_product&defaultImage=placeholder_product,$750.00,Table,
3128,"Palmetto Console, Natural",https://www.onekingslane.com//p/4881232-palmetto-console-natural.do?page=2&refType=&from=fn&catnav=119610,https://okl2.scene7.com/is/image/OKL/Product_796505457776_Image_1?$kibo_directory_thumbnail$&defaultImage=placeholder_product&defaultImage=placeholder_product,"$3,345.00",Table,
3129,"Dutch Console, Dark Brown",https://www.onekingslane.com//p/4878421-dutch-console-dark-brown.do?page=2&refType=&from=fn&catnav=119610,https://okl3.scene7.com/is/image/OKL/Product_796505456083_Image_1?$kibo_directory_thumbnail$&defaultImage=placeholder_product&defaultImage=placeholder_product,"$2,210.00",Table,
3130,"Elton Console, White/Black",https://www.onekingslane.com//p/4878409-elton-console-white-black.do?page=2&refType=&from=fn&catnav=119610,https://okl.scene7.com/is/image/OKL/Product_796505455697_Image_1?$kibo_directory_thumbnail$&defaultImage=placeholder_product&defaultImage=placeholder_product,"$3,380.00",Table,
3131,"Bijou Drape Console, Gold",https://www.onekingslane.com//p/4660598-bijou-drape-console-gold.do?page=2&refType=&from=fn&catnav=119610,https://okl2.scene7.com/is/image/OKL/Product_BRO10392_Image_1?$kibo_directory_thumbnail$&defaultImage=placeholder_product&defaultImage=placeholder_product,"$1,519.99",Table,
3132,"Modern Console, Brushed Bronze",https://www.onekingslane.com//p/4676115-modern-console-brushed-bronze.do?page=2&refType=&from=fn&catnav=119610,https://okl2.scene7.com/is/image/OKL/Product_NMF10981_Image_1?$kibo_directory_thumbnail$&defaultImage=placeholder_product&defaultImage=placeholder_product,"$1,189.88",Table,
3133,"Syrah Console, St. Laurent Iron",https://www.onekingslane.com//p/4751855-syrah-console-st-laurent-iron.do?page=2&refType=&from=fn&catnav=119610,https://okl3.scene7.com/is/image/OKL/Product_662869403363_Image_1?$kibo_directory_thumbnail$&defaultImage=placeholder_product&defaultImage=placeholder_product,"$1,287.00",Table,
3134,"Ackermann Console, Natural",https://www.onekingslane.com//p/4839633-ackermann-console-natural.do?page=2&refType=&from=fn&catnav=119610,https://okl.scene7.com/is/image/OKL/Product_662869450022_Image_1?$kibo_directory_thumbnail$&defaultImage=placeholder_product&defaultImage=placeholder_product,"$2,115.50",Table,
3135,"Tuco Console, Mahogany/Brass",https://www.onekingslane.com//p/4751951-tuco-console-mahogany-brass.do?page=2&refType=&from=fn&catnav=119610,https://okl.scene7.com/is/image/OKL/Product_662869403738_Image_1?$kibo_directory_thumbnail$&defaultImage=placeholder_product&defaultImage=placeholder_product,"$1,156.50",Table,
3136,"Lawler Console, Black",https://www.onekingslane.com//p/4763515-lawler-console-black.do?page=2&refType=&from=fn&catnav=119610,https://okl.scene7.com/is/image/OKL/Product_797379040040_Image_1?$kibo_directory_thumbnail$&defaultImage=placeholder_product&defaultImage=placeholder_product,$489.99,Table,
3137,Giltwood Italian Wall Console Table,https://www.onekingslane.com//p/4559003-giltwood-italian-wall-console-table.do?page=2&refType=&from=fn&catnav=119610,https://okl2.scene7.com/is/image/OKL/vmf_vendor_FXO_4559003_1470088054767_895089?$kibo_directory_thumbnail$&defaultImage=placeholder_product&defaultImage=placeholder_product,$425.00,Table,
3138,Italian Brass Console,https://www.onekingslane.com//p/4687235-italian-brass-console.do?page=2&refType=&from=fn&catnav=119610,https://okl.scene7.com/is/image/OKL/vmf_vendor_RWF_4687235_1497033032053_576088?$kibo_directory_thumbnail$&defaultImage=placeholder_product&defaultImage=placeholder_product,"$1,845.00",Table,
3139,Chippendale-Style Console,https://www.onekingslane.com//p/3782385-chippendale-style-console.do?page=2&refType=&from=fn&catnav=119610,https://okl3.scene7.com/is/image/OKL/vmf_vendor_SWP_3782385_1584314847730_493993?$kibo_directory_thumbnail$&defaultImage=placeholder_product&defaultImage=placeholder_product,"$1,699.00",Table,
3140,English Carved Pembroke Console,https://www.onekingslane.com//p/4584309-english-carved-pembroke-console.do?page=2&refType=&from=fn&catnav=119610,https://okl.scene7.com/is/image/OKL/vmf_vendor_KWY_4584309_1473977880654_737285?$kibo_directory_thumbnail$&defaultImage=placeholder_product&defaultImage=placeholder_product,"$1,925.00",Table,
3141,19th-C. Lancashire Harvest Table,https://www.onekingslane.com//p/4054111-19th-c-lancashire-harvest-table.do?page=2&refType=&from=fn&catnav=119610,https://okl3.scene7.com/is/image/OKL/vmf_vendor_ILG_4054111_1433173244879_298003?$kibo_directory_thumbnail$&defaultImage=placeholder_product&defaultImage=placeholder_product,"$2,945.00",Table,
3142,19th-C. English Shield Console Table,https://www.onekingslane.com//p/4351838-19th-c-english-shield-console-table.do?page=2&refType=&from=fn&catnav=119610,https://okl3.scene7.com/is/image/OKL/vmf_vendor_ILG_4351838_1447640933678_445371?$kibo_directory_thumbnail$&defaultImage=placeholder_product&defaultImage=placeholder_product,"$2,525.00",Table,
3143,19th-C. English Bird's-Eye Maple Console,https://www.onekingslane.com//p/3113636-19th-c-english-bird-s-eye-maple-console.do?page=2&refType=&from=fn&catnav=119610,https://okl2.scene7.com/is/image/OKL/vmf_vendor_ILG_3113636_1413485102421_821463?$kibo_directory_thumbnail$&defaultImage=placeholder_product&defaultImage=placeholder_product,"$2,525.00",Table,
3144,19th-C. Mahogany Console,https://www.onekingslane.com//p/4545773-19th-c-mahogany-console.do?page=2&refType=&from=fn&catnav=119610,https://okl.scene7.com/is/image/OKL/vmf_vendor_ILG_4545773_1467649814335_310721?$kibo_directory_thumbnail$&defaultImage=placeholder_product&defaultImage=placeholder_product,"$3,295.00",Table,
3145,Red Lacquered Console,https://www.onekingslane.com//p/4600923-red-lacquered-console.do?page=2&refType=&from=fn&catnav=119610,https://okl.scene7.com/is/image/OKL/vmf_vendor_VQD_4600923_1476375738589_934912?$kibo_directory_thumbnail$&defaultImage=placeholder_product&defaultImage=placeholder_product,"$1,595.00",Table,
3146,French Louis Philippe Demilune Table,https://www.onekingslane.com//p/4127220-french-louis-philippe-demilune-table.do?page=2&refType=&from=fn&catnav=119610,https://okl.scene7.com/is/image/OKL/vmf_vendor_LHN_4127220_1435964240054_759250?$kibo_directory_thumbnail$&defaultImage=placeholder_product&defaultImage=placeholder_product,"$3,145.00",Table,
3147,Antique Chinese Console/Altar Table,https://www.onekingslane.com//p/4576685-antique-chinese-console-altar-table.do?page=2&refType=&from=fn&catnav=119610,https://okl.scene7.com/is/image/OKL/vmf_vendor_CVN_4576685_1472322830959_886781?$kibo_directory_thumbnail$&defaultImage=placeholder_product&defaultImage=placeholder_product,"$1,175.00",Table,
3148,Early-20th-C. Teak Asian Console,https://www.onekingslane.com//p/4606701-early-20th-c-teak-asian-console.do?page=3&refType=&from=fn&catnav=119610,https://okl.scene7.com/is/image/OKL/vmf_vendor_FXO_4606701_1477483235342_658281?$kibo_directory_thumbnail$&defaultImage=placeholder_product&defaultImage=placeholder_product,"$1,295.00",Table,
3149,1940s Mahogany Demilune Console Cabinet,https://www.onekingslane.com//p/4584334-1940s-mahogany-demilune-console-cabinet.do?page=3&refType=&from=fn&catnav=119610,https://okl.scene7.com/is/image/OKL/vmf_vendor_RWF_4584334_1473986598263_250125?$kibo_directory_thumbnail$&defaultImage=placeholder_product&defaultImage=placeholder_product,"$1,899.00",Table,
3150,Woven Rattan Demilune Console,https://www.onekingslane.com//p/4624093-woven-rattan-demilune-console.do?page=3&refType=&from=fn&catnav=119610,https://okl.scene7.com/is/image/OKL/vmf_vendor_FRA_4624093_1480725385428_687882?$kibo_directory_thumbnail$&defaultImage=placeholder_product&defaultImage=placeholder_product,"$2,895.00",Table,
3151,Tessellated Stone Console,https://www.onekingslane.com//p/4635141-tessellated-stone-console.do?page=3&refType=&from=fn&catnav=119610,https://okl2.scene7.com/is/image/OKL/vmf_vendor_BNA_4635141_1483132883454_776418?$kibo_directory_thumbnail$&defaultImage=placeholder_product&defaultImage=placeholder_product,"$1,299.00",Table,
3152,Primitive Naga Grinder Console Table,https://www.onekingslane.com//p/4708945-primitive-naga-grinder-console-table.do?page=3&refType=&from=fn&catnav=119610,https://okl2.scene7.com/is/image/OKL/vmf_vendor_KWY_4708945_1505003742643_854341?$kibo_directory_thumbnail$&defaultImage=placeholder_product&defaultImage=placeholder_product,"$3,645.00",Table,
3153,19th-C. French Side Table,https://www.onekingslane.com//p/4710571-19th-c-french-side-table.do?page=3&refType=&from=fn&catnav=119610,https://okl.scene7.com/is/image/OKL/vmf_vendor_ILG_4710571_1505489344259_724158?$kibo_directory_thumbnail$&defaultImage=placeholder_product&defaultImage=placeholder_product,"$2,965.00",Table,
3154,19th-C. English Carved Console,https://www.onekingslane.com//p/4710583-19th-c-english-carved-console.do?page=3&refType=&from=fn&catnav=119610,https://okl.scene7.com/is/image/OKL/vmf_vendor_ILG_4710583_1505490192440_361123?$kibo_directory_thumbnail$&defaultImage=placeholder_product&defaultImage=placeholder_product,"$1,754.00",Table,
3155,1980s Slate-Top Console,https://www.onekingslane.com//p/4728425-1980s-slate-top-console.do?page=3&refType=&from=fn&catnav=119610,https://okl3.scene7.com/is/image/OKL/vmf_vendor_FKT_4728425_1510640440548_656074?$kibo_directory_thumbnail$&defaultImage=placeholder_product&defaultImage=placeholder_product,$949.00,Table,
3156,19th-C. English Carved Console,https://www.onekingslane.com//p/4725008-19th-c-english-carved-console.do?page=3&refType=&from=fn&catnav=119610,https://okl.scene7.com/is/image/OKL/vmf_vendor_ILG_4725008_1509492743242_815415?$kibo_directory_thumbnail$&defaultImage=placeholder_product&defaultImage=placeholder_product,"$3,275.00",Table,
3157,Neoclassical-Style Marble-Top Console,https://www.onekingslane.com//p/4555792-neoclassical-style-marble-top-console.do?page=3&refType=&from=fn&catnav=119610,https://okl3.scene7.com/is/image/OKL/vmf_vendor_QHD_4555792_1469644694982_182951?$kibo_directory_thumbnail$&defaultImage=placeholder_product&defaultImage=placeholder_product,"$1,975.00",Table,
3158,Malibu Firewood Table,https://www.onekingslane.com//p/4843525-malibu-firewood-table.do?page=3&refType=&from=fn&catnav=119610,https://okl3.scene7.com/is/image/OKL/vmf_vendor_ARU_4843525_1567100539612_618003?$kibo_directory_thumbnail$&defaultImage=placeholder_product&defaultImage=placeholder_product,$799.00,Table,
3159,Rococo Style Brass Wall Console,https://www.onekingslane.com//p/4850569-rococo-style-brass-wall-console.do?page=3&refType=&from=fn&catnav=119610,https://okl.scene7.com/is/image/OKL/vmf_vendor_GJN_4850569_1565214564164_315404?$kibo_directory_thumbnail$&defaultImage=placeholder_product&defaultImage=placeholder_product,$875.00,Table,
3160,Chinese Fretwork Altar Console Table,https://www.onekingslane.com//p/4851541-chinese-fretwork-altar-console-table.do?page=3&refType=&from=fn&catnav=119610,https://okl.scene7.com/is/image/OKL/vmf_vendor_BJT_4851541_1566397094420_4496?$kibo_directory_thumbnail$&defaultImage=placeholder_product&defaultImage=placeholder_product,"$3,899.00",Table,
3161,Antique French Giltwood Console Table,https://www.onekingslane.com//p/4852680-antique-french-giltwood-console-table.do?page=3&refType=&from=fn&catnav=119610,https://okl3.scene7.com/is/image/OKL/vmf_vendor_FXO_4852680_1567043729111_753192?$kibo_directory_thumbnail$&defaultImage=placeholder_product&defaultImage=placeholder_product,"$1,795.00",Table,
3162,Maitland-Smith Console Table & Mirror,https://www.onekingslane.com//p/4852620-maitland-smith-console-table-mirror.do?page=3&refType=&from=fn&catnav=119610,https://okl.scene7.com/is/image/OKL/vmf_vendor_FXO_4852620_1567009100880_985532?$kibo_directory_thumbnail$&defaultImage=placeholder_product&defaultImage=placeholder_product,"$2,695.00",Table,
3163,"Art Deco Style Satinwood Consoles,Pair",https://www.onekingslane.com//p/4852839-art-deco-style-satinwood-consoles-pair.do?page=3&refType=&from=fn&catnav=119610,https://okl.scene7.com/is/image/OKL/vmf_vendor_FXO_4852839_1567126859393_225302?$kibo_directory_thumbnail$&defaultImage=placeholder_product&defaultImage=placeholder_product,"$2,595.00",Table,
3164,19th-C. Spanish Console,https://www.onekingslane.com//p/4847412-19th-c-spanish-console.do?page=3&refType=&from=fn&catnav=119610,https://okl.scene7.com/is/image/OKL/vmf_vendor_ILG_4847412_1562699608975_734357?$kibo_directory_thumbnail$&defaultImage=placeholder_product&defaultImage=placeholder_product,"$1,875.00",Table,
3165,19th-C. French Directoire Console Table,https://www.onekingslane.com//p/4665841-19th-c-french-directoire-console-table.do?page=3&refType=&from=fn&catnav=119610,https://okl.scene7.com/is/image/OKL/vmf_vendor_TAF_4665841_1564149274168_636315?$kibo_directory_thumbnail$&defaultImage=placeholder_product&defaultImage=placeholder_product,"$3,675.00",Table,
3166,"Mid-Century Italian Console Table, 1950s",https://www.onekingslane.com//p/4844898-mid-century-italian-console-table-1950s.do?page=3&refType=&from=fn&catnav=119610,https://okl.scene7.com/is/image/OKL/vmf_vendor_LHN_4844898_1560870790017_944903?$kibo_directory_thumbnail$&defaultImage=placeholder_product&defaultImage=placeholder_product,"$2,695.00",Table,
3167,English Burlwood Deco Console Table,https://www.onekingslane.com//p/4741231-english-burlwood-deco-console-table.do?page=3&refType=&from=fn&catnav=119610,https://okl3.scene7.com/is/image/OKL/vmf_vendor_FXO_4741231_1516229751556_957000?$kibo_directory_thumbnail$&defaultImage=placeholder_product&defaultImage=placeholder_product,"$1,495.00",Table,
3168,Baker Furniture Burl-Wood Console,https://www.onekingslane.com//p/4783988-baker-furniture-burl-wood-console.do?page=3&refType=&from=fn&catnav=119610,https://okl3.scene7.com/is/image/OKL/vmf_vendor_UTU_4783988_1531575882052_243606?$kibo_directory_thumbnail$&defaultImage=placeholder_product&defaultImage=placeholder_product,"$2,495.00",Table,
3169,2-Drawer Console Table,https://www.onekingslane.com//p/4837424-2-drawer-console-table.do?page=3&refType=&from=fn&catnav=119610,https://okl2.scene7.com/is/image/OKL/vmf_vendor_QRG_4837424_1554655124144_545125?$kibo_directory_thumbnail$&defaultImage=placeholder_product&defaultImage=placeholder_product,"$1,355.00",Table,
3170,Demilune Brass Console,https://www.onekingslane.com//p/4836845-demilune-brass-console.do?page=3&refType=&from=fn&catnav=119610,https://okl.scene7.com/is/image/OKL/vmf_vendor_SWP_4836845_1554344027209_650489?$kibo_directory_thumbnail$&defaultImage=placeholder_product&defaultImage=placeholder_product,$999.00,Table,
3171,Midcentury Walnut Console,https://www.onekingslane.com//p/4774911-midcentury-walnut-console.do?page=3&refType=&from=fn&catnav=119610,https://okl3.scene7.com/is/image/OKL/vmf_vendor_QRG_4774911_1528395571467_281366?$kibo_directory_thumbnail$&defaultImage=placeholder_product&defaultImage=placeholder_product,"$1,255.00",Table,
3172,Antique Chinese Carved Elmwood Table,https://www.onekingslane.com//p/4196424-antique-chinese-carved-elmwood-table.do?page=3&refType=&from=fn&catnav=119610,https://okl.scene7.com/is/image/OKL/vmf_vendor_BJT_4196424_1438701791767_424520?$kibo_directory_thumbnail$&defaultImage=placeholder_product&defaultImage=placeholder_product,"$1,905.00",Table,
3173,"French Marble-Top Consoles, Pair",https://www.onekingslane.com//p/4171850-french-marble-top-consoles-pair.do?page=3&refType=&from=fn&catnav=119610,https://okl.scene7.com/is/image/OKL/vmf_vendor_JKB_4171850_1437765219042_943529?$kibo_directory_thumbnail$&defaultImage=placeholder_product&defaultImage=placeholder_product,"$2,495.00",Table,
3174,French Gilt Wood Marble Top Console,https://www.onekingslane.com//p/4772182-french-gilt-wood-marble-top-console.do?page=3&refType=&from=fn&catnav=119610,https://okl.scene7.com/is/image/OKL/vmf_vendor_JKB_4772182_1527308117732_99062?$kibo_directory_thumbnail$&defaultImage=placeholder_product&defaultImage=placeholder_product,"$2,495.00",Table,
3175,19th Century Swedish Pine Wood Consoles,https://www.onekingslane.com//p/4814380-19th-century-swedish-pine-wood-consoles.do?page=3&refType=&from=fn&catnav=119610,https://okl.scene7.com/is/image/OKL/vmf_vendor_JKB_4814380_1541717649945_45167?$kibo_directory_thumbnail$&defaultImage=placeholder_product&defaultImage=placeholder_product,"$4,995.00",Table,
3176,Cerused Wood & Woven Console Table,https://www.onekingslane.com//p/4815123-cerused-wood-woven-console-table.do?page=3&refType=&from=fn&catnav=119610,https://okl.scene7.com/is/image/OKL/vmf_vendor_VML_4815123_1542071298430_756656?$kibo_directory_thumbnail$&defaultImage=placeholder_product&defaultImage=placeholder_product,"$1,995.00",Table,
3177,19th-C English Mahogany Console,https://www.onekingslane.com//p/4816157-19th-c-english-mahogany-console.do?page=3&refType=&from=fn&catnav=119610,https://okl3.scene7.com/is/image/OKL/vmf_vendor_FVC_4816157_1542577614708_506318?$kibo_directory_thumbnail$&defaultImage=placeholder_product&defaultImage=placeholder_product,"$1,295.00",Table,
3178,Florentine Marble-Top Console,https://www.onekingslane.com//p/4810966-florentine-marble-top-console.do?page=3&refType=&from=fn&catnav=119610,https://okl.scene7.com/is/image/OKL/vmf_vendor_EUS_4810966_1540374855301_903830?$kibo_directory_thumbnail$&defaultImage=placeholder_product&defaultImage=placeholder_product,$475.00,Table,
3179,Asian Modern Console Table,https://www.onekingslane.com//p/4810922-asian-modern-console-table.do?page=3&refType=&from=fn&catnav=119610,https://okl2.scene7.com/is/image/OKL/vmf_vendor_FXO_4810922_1540338733711_757325?$kibo_directory_thumbnail$&defaultImage=placeholder_product&defaultImage=placeholder_product,$995.00,Table,
3180,"Italian Painted Consoles, Pair",https://www.onekingslane.com//p/4813250-italian-painted-consoles-pair.do?page=3&refType=&from=fn&catnav=119610,https://okl.scene7.com/is/image/OKL/vmf_vendor_FXO_4813250_1541366003326_257582?$kibo_directory_thumbnail$&defaultImage=placeholder_product&defaultImage=placeholder_product,"$1,495.00",Table,
3181,French Marble Top Wall Console,https://www.onekingslane.com//p/4797745-french-marble-top-wall-console.do?page=3&refType=&from=fn&catnav=119610,https://okl.scene7.com/is/image/OKL/vmf_vendor_GJN_4797745_1571246932994_412027?$kibo_directory_thumbnail$&defaultImage=placeholder_product&defaultImage=placeholder_product,"$1,195.00",Table,
3182,18th-Century Rustic Altar Table,https://www.onekingslane.com//p/4799814-18th-century-rustic-altar-table.do?page=3&refType=&from=fn&catnav=119610,https://okl.scene7.com/is/image/OKL/vmf_vendor_KWY_4799814_1536611234236_904362?$kibo_directory_thumbnail$&defaultImage=placeholder_product&defaultImage=placeholder_product,"$5,425.00",Table,
3183,Maison Jansen Style Hall Table,https://www.onekingslane.com//p/4810613-maison-jansen-style-hall-table.do?page=3&refType=&from=fn&catnav=119610,https://okl2.scene7.com/is/image/OKL/vmf_vendor_INW_4810613_1540074140859_234942?$kibo_directory_thumbnail$&defaultImage=placeholder_product&defaultImage=placeholder_product,$995.00,Table,
3184,Chippendale Carved Console Table,https://www.onekingslane.com//p/4862534-chippendale-carved-console-table.do?page=3&refType=&from=fn&catnav=119610,https://okl2.scene7.com/is/image/OKL/vmf_vendor_RWF_4862534_1573686970282_201645?$kibo_directory_thumbnail$&defaultImage=placeholder_product&defaultImage=placeholder_product,"$1,345.00",Table,
3185,French Iron Console Table with Glass Top,https://www.onekingslane.com//p/4863848-french-iron-console-table-with-glass-top.do?page=3&refType=&from=fn&catnav=119610,https://okl.scene7.com/is/image/OKL/vmf_vendor_LHN_4863848_1574875601258_591647?$kibo_directory_thumbnail$&defaultImage=placeholder_product&defaultImage=placeholder_product,"$2,945.00",Table,
3186,Mid-Century Italian Console Table,https://www.onekingslane.com//p/4861577-mid-century-italian-console-table.do?page=3&refType=&from=fn&catnav=119610,https://okl.scene7.com/is/image/OKL/vmf_vendor_LHN_4861577_1573052804298_628300?$kibo_directory_thumbnail$&defaultImage=placeholder_product&defaultImage=placeholder_product,"$2,695.00",Table,
3187,19th C. Chinese Low Altar Table,https://www.onekingslane.com//p/4872836-19th-c-chinese-low-altar-table.do?page=3&refType=&from=fn&catnav=119610,https://okl.scene7.com/is/image/OKL/vmf_vendor_VQD_4872836_1582749986486_878806?$kibo_directory_thumbnail$&defaultImage=placeholder_product&defaultImage=placeholder_product,"$5,955.00",Table,
3188,Spanish Painted Midcentury Pine Table,https://www.onekingslane.com//p/4872145-spanish-painted-midcentury-pine-table.do?page=3&refType=&from=fn&catnav=119610,https://okl.scene7.com/is/image/OKL/vmf_vendor_LHN_4872145_1582397421102_681646?$kibo_directory_thumbnail$&defaultImage=placeholder_product&defaultImage=placeholder_product,"$3,195.00",Table,
3189,19th C. Wrought Iron Console,https://www.onekingslane.com//p/4872886-19th-c-wrought-iron-console.do?page=3&refType=&from=fn&catnav=119610,https://okl2.scene7.com/is/image/OKL/vmf_vendor_JKB_4872886_1582761119310_111364?$kibo_directory_thumbnail$&defaultImage=placeholder_product&defaultImage=placeholder_product,"$3,495.00",Table,
3190,Asian Inspired Chest On Stand Console,https://www.onekingslane.com//p/4874603-asian-inspired-chest-on-stand-console.do?page=3&refType=&from=fn&catnav=119610,https://okl.scene7.com/is/image/OKL/vmf_vendor_VRR_4874603_1583729712804_203429?$kibo_directory_thumbnail$&defaultImage=placeholder_product&defaultImage=placeholder_product,$845.00,Table,
3191,Art Deco Style Console,https://www.onekingslane.com//p/4875120-art-deco-style-console.do?page=3&refType=&from=fn&catnav=119610,https://okl.scene7.com/is/image/OKL/vmf_vendor_XCK_4875120_1584145920138_657490?$kibo_directory_thumbnail$&defaultImage=placeholder_product&defaultImage=placeholder_product,"$1,299.00",Table,
3192,Antique French Marble Top Console,https://www.onekingslane.com//p/4868417-antique-french-marble-top-console.do?page=3&refType=&from=fn&catnav=119610,https://okl.scene7.com/is/image/OKL/vmf_vendor_RTT_4868417_1579717620866_117737?$kibo_directory_thumbnail$&defaultImage=placeholder_product&defaultImage=placeholder_product,"$2,495.00",Table,
3193,French Style Console Table,https://www.onekingslane.com//p/4867800-french-style-console-table.do?page=3&refType=&from=fn&catnav=119610,https://okl.scene7.com/is/image/OKL/vmf_vendor_QHD_4867800_1579201348848_530499?$kibo_directory_thumbnail$&defaultImage=placeholder_product&defaultImage=placeholder_product,"$1,199.00",Table,
3194,Giacometti Style Iron Console Table,https://www.onekingslane.com//p/4868358-giacometti-style-iron-console-table.do?page=3&refType=&from=fn&catnav=119610,https://okl.scene7.com/is/image/OKL/vmf_vendor_RWF_4868358_1579707583802_512032?$kibo_directory_thumbnail$&defaultImage=placeholder_product&defaultImage=placeholder_product,$645.00,Table,
3195,Spanish Oak Console Table,https://www.onekingslane.com//p/4868107-spanish-oak-console-table.do?page=3&refType=&from=fn&catnav=119610,https://okl.scene7.com/is/image/OKL/vmf_vendor_LHN_4868107_1579536362623_994518?$kibo_directory_thumbnail$&defaultImage=placeholder_product&defaultImage=placeholder_product,"$2,995.00",Table,
3196,19th C. Carved Italian Cherub Console,https://www.onekingslane.com//p/4868211-19th-c-carved-italian-cherub-console.do?page=3&refType=&from=fn&catnav=119610,https://okl3.scene7.com/is/image/OKL/vmf_vendor_JKB_4868211_1579622807757_54847?$kibo_directory_thumbnail$&defaultImage=placeholder_product&defaultImage=placeholder_product,"$2,995.00",Table,
3197,Gampel-Stoll Elephant Console Table,https://www.onekingslane.com//p/4858422-gampel-stoll-elephant-console-table.do?page=3&refType=&from=fn&catnav=119610,https://okl.scene7.com/is/image/OKL/vmf_vendor_FXO_4858422_1571018252513_837683?$kibo_directory_thumbnail$&defaultImage=placeholder_product&defaultImage=placeholder_product,"$1,795.00",Table,
3198,Lucite & Glass Console Table,https://www.onekingslane.com//p/4859801-lucite-glass-console-table.do?page=3&refType=&from=fn&catnav=119610,https://okl3.scene7.com/is/image/OKL/vmf_vendor_FVO_4859801_1571787022508_234665?$kibo_directory_thumbnail$&defaultImage=placeholder_product&defaultImage=placeholder_product,"$1,095.00",Table,
3199,Louis XVI Style Italian Console,https://www.onekingslane.com//p/4875115-louis-xvi-style-italian-console.do?page=3&refType=&from=fn&catnav=119610,https://okl.scene7.com/is/image/OKL/vmf_vendor_XCK_4875115_1584143957319_291580?$kibo_directory_thumbnail$&defaultImage=placeholder_product&defaultImage=placeholder_product,"$1,645.00",Table,
3200,Elegant Aku Brown Nahuala Carved Console,https://www.onekingslane.com//p/4875428-elegant-aku-brown-nahuala-carved-console.do?page=3&refType=&from=fn&catnav=119610,https://okl.scene7.com/is/image/OKL/vmf_vendor_KWY_4875428_1584475312133_531248?$kibo_directory_thumbnail$&defaultImage=placeholder_product&defaultImage=placeholder_product,"$3,825.00",Table,
3201,Early 20th Century Red Chinese Console,https://www.onekingslane.com//p/4876021-early-20th-century-red-chinese-console.do?page=3&refType=&from=fn&catnav=119610,https://okl3.scene7.com/is/image/OKL/vmf_vendor_KWY_4876021_1585092207552_465831?$kibo_directory_thumbnail$&defaultImage=placeholder_product&defaultImage=placeholder_product,"$3,325.00",Table,
3202,Italian Painted Console C. 1940's,https://www.onekingslane.com//p/4875571-italian-painted-console-c-1940-s.do?page=3&refType=&from=fn&catnav=119610,https://okl3.scene7.com/is/image/OKL/vmf_vendor_JKB_4875571_1584554028552_324111?$kibo_directory_thumbnail$&defaultImage=placeholder_product&defaultImage=placeholder_product,"$2,795.00",Table,
3203,"Early 19th-C. Demilune Tables, Pair",https://www.onekingslane.com//p/4875573-early-19th-c-demilune-tables-pair.do?page=3&refType=&from=fn&catnav=119610,https://okl.scene7.com/is/image/OKL/vmf_vendor_ILG_4875573_1584556715722_980205?$kibo_directory_thumbnail$&defaultImage=placeholder_product&defaultImage=placeholder_product,"$10,455.00",Table,
3204,Gorgeous Antique Asian Altar Table,https://www.onekingslane.com//p/4875443-gorgeous-antique-asian-altar-table.do?page=3&refType=&from=fn&catnav=119610,https://okl.scene7.com/is/image/OKL/vmf_vendor_KWY_4875443_1584484855451_6362?$kibo_directory_thumbnail$&defaultImage=placeholder_product&defaultImage=placeholder_product,"$2,845.00",Table,
3205,Azure Nahuala Console Table,https://www.onekingslane.com//p/4875439-azure-nahuala-console-table.do?page=3&refType=&from=fn&catnav=119610,https://okl.scene7.com/is/image/OKL/vmf_vendor_KWY_4875439_1584482605115_658516?$kibo_directory_thumbnail$&defaultImage=placeholder_product&defaultImage=placeholder_product,"$2,995.00",Table,
3206,Graceful Carved Tavern Console Table,https://www.onekingslane.com//p/4875435-graceful-carved-tavern-console-table.do?page=3&refType=&from=fn&catnav=119610,https://okl.scene7.com/is/image/OKL/vmf_vendor_KWY_4875435_1584478515196_39015?$kibo_directory_thumbnail$&defaultImage=placeholder_product&defaultImage=placeholder_product,"$2,945.00",Table,
3207,Rococo Console Sofa Table,https://www.onekingslane.com//p/4876125-rococo-console-sofa-table.do?page=3&refType=&from=fn&catnav=119610,https://okl.scene7.com/is/image/OKL/vmf_vendor_QHD_4876125_1585167909693_314859?$kibo_directory_thumbnail$&defaultImage=placeholder_product&defaultImage=placeholder_product,$995.00,Table,
3208,French Industrial Console Table,https://www.onekingslane.com//p/4859394-french-industrial-console-table.do?page=3&refType=&from=fn&catnav=119610,https://okl.scene7.com/is/image/OKL/vmf_vendor_LHN_4859394_1571491643562_471150?$kibo_directory_thumbnail$&defaultImage=placeholder_product&defaultImage=placeholder_product,"$2,455.00",Table,
3209,Wrought Iron Demilune Wall Console,https://www.onekingslane.com//p/4843560-wrought-iron-demilune-wall-console.do?page=3&refType=&from=fn&catnav=119610,https://okl.scene7.com/is/image/OKL/vmf_vendor_EUS_4843560_1559673771764_456884?$kibo_directory_thumbnail$&defaultImage=placeholder_product&defaultImage=placeholder_product,$695.00,Table,
3210,19th-C. Mahogany Sofa Table with Banding,https://www.onekingslane.com//p/4750460-19th-c-mahogany-sofa-table-with-banding.do?page=3&refType=&from=fn&catnav=119610,https://okl.scene7.com/is/image/OKL/vmf_vendor_ILG_4750460_1519320144063_584770?$kibo_directory_thumbnail$&defaultImage=placeholder_product&defaultImage=placeholder_product,"$5,795.00",Table,
3211,Pair 19th-C. Irish Marble-Top Consoles,https://www.onekingslane.com//p/4756084-pair-19th-c-irish-marble-top-consoles.do?page=3&refType=&from=fn&catnav=119610,https://okl.scene7.com/is/image/OKL/vmf_vendor_ILG_4756084_1521041730302_917974?$kibo_directory_thumbnail$&defaultImage=placeholder_product&defaultImage=placeholder_product,"$49,529.00",Table,
3212,Chinese-Style Console,https://www.onekingslane.com//p/4750290-chinese-style-console.do?page=3&refType=&from=fn&catnav=119610,https://okl2.scene7.com/is/image/OKL/vmf_vendor_NKQ_4750290_1519235822236_786116?$kibo_directory_thumbnail$&defaultImage=placeholder_product&defaultImage=placeholder_product,$975.00,Table,
3213,Edwardian Satinwood Occasional Table,https://www.onekingslane.com//p/4739795-edwardian-satinwood-occasional-table.do?page=3&refType=&from=fn&catnav=119610,https://okl2.scene7.com/is/image/OKL/vmf_vendor_VML_4739795_1515706341652_950479?$kibo_directory_thumbnail$&defaultImage=placeholder_product&defaultImage=placeholder_product,"$1,599.00",Table,
3214,Chinese Console,https://www.onekingslane.com//p/4824177-chinese-console.do?page=3&refType=&from=fn&catnav=119610,https://okl.scene7.com/is/image/OKL/vmf_vendor_XCK_4824177_1547497641175_809856?$kibo_directory_thumbnail$&defaultImage=placeholder_product&defaultImage=placeholder_product,$699.00,Table,
3215,Qing Dynasty Antique Console Table,https://www.onekingslane.com//p/4830147-qing-dynasty-antique-console-table.do?page=3&refType=&from=fn&catnav=119610,https://okl2.scene7.com/is/image/OKL/vmf_vendor_KWY_4830147_1550092034249_814227?$kibo_directory_thumbnail$&defaultImage=placeholder_product&defaultImage=placeholder_product,"$3,055.00",Table,
3216,Petite Country Style Asian Sidetable,https://www.onekingslane.com//p/4830143-petite-country-style-asian-sidetable.do?page=3&refType=&from=fn&catnav=119610,https://okl3.scene7.com/is/image/OKL/vmf_vendor_KWY_4830143_1550092006267_402715?$kibo_directory_thumbnail$&defaultImage=placeholder_product&defaultImage=placeholder_product,"$1,125.00",Table,
3217,Nahuala Sea Green Console,https://www.onekingslane.com//p/4827155-nahuala-sea-green-console.do?page=3&refType=&from=fn&catnav=119610,https://okl2.scene7.com/is/image/OKL/vmf_vendor_KWY_4827155_1548805825810_962380?$kibo_directory_thumbnail$&defaultImage=placeholder_product&defaultImage=placeholder_product,"$2,495.00",Table,
3218,Azure Farmhouse Table,https://www.onekingslane.com//p/4828508-azure-farmhouse-table.do?page=3&refType=&from=fn&catnav=119610,https://okl.scene7.com/is/image/OKL/vmf_vendor_KWY_4828508_1549395779651_93768?$kibo_directory_thumbnail$&defaultImage=placeholder_product&defaultImage=placeholder_product,"$3,295.00",Table,
3219,Marquetry Flame Mahogany Console Table,https://www.onekingslane.com//p/4833673-marquetry-flame-mahogany-console-table.do?page=3&refType=&from=fn&catnav=119610,https://okl.scene7.com/is/image/OKL/vmf_vendor_UTU_4833673_1552258090371_534767?$kibo_directory_thumbnail$&defaultImage=placeholder_product&defaultImage=placeholder_product,"$1,595.00",Table,
3220,Hollywood Regency Shell Console Table,https://www.onekingslane.com//p/4831109-hollywood-regency-shell-console-table.do?page=3&refType=&from=fn&catnav=119610,https://okl.scene7.com/is/image/OKL/vmf_vendor_FXO_4831109_1551059871919_544870?$kibo_directory_thumbnail$&defaultImage=placeholder_product&defaultImage=placeholder_product,"$1,995.00",Table,
3221,Italian Brass Console,https://www.onekingslane.com//p/4766726-italian-brass-console.do?page=3&refType=&from=fn&catnav=119610,https://okl.scene7.com/is/image/OKL/vmf_vendor_XCK_4766726_1524865524660_213112?$kibo_directory_thumbnail$&defaultImage=placeholder_product&defaultImage=placeholder_product,$499.00,Table,
3222,Neoclassical-Style Ebony Console,https://www.onekingslane.com//p/4734519-neoclassical-style-ebony-console.do?page=3&refType=&from=fn&catnav=119610,https://okl.scene7.com/is/image/OKL/vmf_vendor_ARU_4734519_1515362830924_858214?$kibo_directory_thumbnail$&defaultImage=placeholder_product&defaultImage=placeholder_product,"$1,099.00",Table,
3223,Charming Antique Dough Table,https://www.onekingslane.com//p/4762979-charming-antique-dough-table.do?page=3&refType=&from=fn&catnav=119610,https://okl.scene7.com/is/image/OKL/vmf_vendor_KWY_4762979_1523406626808_692249?$kibo_directory_thumbnail$&defaultImage=placeholder_product&defaultImage=placeholder_product,$995.00,Table,
3224,Carved Giltwood Console & Mirror,https://www.onekingslane.com//p/4760984-carved-giltwood-console-mirror.do?page=3&refType=&from=fn&catnav=119610,https://okl.scene7.com/is/image/OKL/vmf_vendor_FXO_4760984_1522500490543_560258?$kibo_directory_thumbnail$&defaultImage=placeholder_product&defaultImage=placeholder_product,"$1,895.00",Table,
3225,19th C. Asian Lacquered Altar,https://www.onekingslane.com//p/4764829-19th-c-asian-lacquered-altar.do?page=3&refType=&from=fn&catnav=119610,https://okl.scene7.com/is/image/OKL/vmf_vendor_KWY_4764829_1524165840923_627309?$kibo_directory_thumbnail$&defaultImage=placeholder_product&defaultImage=placeholder_product,"$4,275.00",Table,
3226,Art Deco Style Console,https://www.onekingslane.com//p/4869310-art-deco-style-console.do?page=3&refType=&from=fn&catnav=119610,https://okl.scene7.com/is/image/OKL/vmf_vendor_XCK_4869310_1580261126522_613348?$kibo_directory_thumbnail$&defaultImage=placeholder_product&defaultImage=placeholder_product,"$1,699.00",Table,
3227,Huanghuali & Zitan Console Table,https://www.onekingslane.com//p/4871225-huanghuali-zitan-console-table.do?page=3&refType=&from=fn&catnav=119610,https://okl3.scene7.com/is/image/OKL/vmf_vendor_VQD_4871225_1581718457542_521555?$kibo_directory_thumbnail$&defaultImage=placeholder_product&defaultImage=placeholder_product,"$15,005.00",Table,
3228,Gabriella Crespi Style Console Table,https://www.onekingslane.com//p/4871208-gabriella-crespi-style-console-table.do?page=3&refType=&from=fn&catnav=119610,https://okl.scene7.com/is/image/OKL/vmf_vendor_BNA_4871208_1581706956588_925021?$kibo_directory_thumbnail$&defaultImage=placeholder_product&defaultImage=placeholder_product,$999.00,Table,
3229,Hand Painted Asian Console Table,https://www.onekingslane.com//p/4869605-hand-painted-asian-console-table.do?page=3&refType=&from=fn&catnav=119610,https://okl.scene7.com/is/image/OKL/vmf_vendor_BNA_4869605_1580437660418_658806?$kibo_directory_thumbnail$&defaultImage=placeholder_product&defaultImage=placeholder_product,$999.00,Table,
3230,French Iron Console with Marble Top,https://www.onekingslane.com//p/4870065-french-iron-console-with-marble-top.do?page=3&refType=&from=fn&catnav=119610,https://okl.scene7.com/is/image/OKL/vmf_vendor_LHN_4870065_1580928826916_785838?$kibo_directory_thumbnail$&defaultImage=placeholder_product&defaultImage=placeholder_product,"$4,995.00",Table,
3231,Chinese Parcel-Gilt Black Altar Table,https://www.onekingslane.com//p/4851255-chinese-parcel-gilt-black-altar-table.do?page=3&refType=&from=fn&catnav=119610,https://okl2.scene7.com/is/image/OKL/vmf_vendor_BJT_4851255_1565813235381_715705?$kibo_directory_thumbnail$&defaultImage=placeholder_product&defaultImage=placeholder_product,"$3,429.00",Table,
3232,Chinese Qing Dynasty Style Altar Table,https://www.onekingslane.com//p/4851592-chinese-qing-dynasty-style-altar-table.do?page=3&refType=&from=fn&catnav=119610,https://okl2.scene7.com/is/image/OKL/vmf_vendor_BJT_4851592_1566408108954_605804?$kibo_directory_thumbnail$&defaultImage=placeholder_product&defaultImage=placeholder_product,"$2,799.00",Table,
3233,Chinese Ming Style Elm Console Table,https://www.onekingslane.com//p/4851668-chinese-ming-style-elm-console-table.do?page=3&refType=&from=fn&catnav=119610,https://okl.scene7.com/is/image/OKL/vmf_vendor_BJT_4851668_1566424876503_441866?$kibo_directory_thumbnail$&defaultImage=placeholder_product&defaultImage=placeholder_product,"$4,349.00",Table,
